x,y,intensity,ultra,lidar
0,0,15,23,380
0,0,16,23,389
0,0,15,23,389
0,0,18,23,390
0,0,17,23,390
0,4,17,23,387
0,4,14,765,387
0,4,16,23,393
0,4,16,23,393
0,4,16,23,392
0,8,15,28,392
0,8,14,28,389
0,8,14,28,389
0,8,14,28,391
0,8,13,26,391
0,12,14,25,391
0,12,16,765,391
0,12,15,25,389
0,12,15,25,389
0,12,13,25,388
0,16,16,25,388
0,16,15,25,388
0,16,16,26,388
0,16,14,26,392
0,16,14,26,392
0,20,13,25,389
0,20,17,765,389
0,20,13,25,387
0,20,15,25,387
0,20,16,25,388
0,24,11,26,388
0,24,13,26,390
0,24,11,26,390
0,24,11,25,388
0,24,12,25,388
0,28,13,33,389
0,28,13,765,389
0,28,12,33,387
0,28,13,33,387
0,28,13,33,388
0,32,12,24,388
0,32,12,24,387
0,32,15,24,387
0,32,12,24,387
0,32,12,24,387
0,36,12,27,387
0,36,13,23,387
0,36,12,27,385
0,36,14,27,385
0,36,15,27,387
0,40,11,24,387
0,40,13,24,387
0,40,12,24,387
0,40,12,24,386
0,40,14,24,386
0,44,13,34,386
0,44,12,765,386
0,44,14,34,385
0,44,14,34,385
0,44,12,34,385
0,48,11,23,385
0,48,11,23,384
0,48,11,23,384
0,48,11,23,385
0,48,11,23,385
0,52,13,26,385
0,52,11,21,385
0,52,14,26,381
0,52,12,26,381
0,52,14,26,384
0,56,13,27,384
0,56,12,27,381
0,56,11,27,381
0,56,14,27,384
0,56,10,27,384
0,60,16,34,383
0,60,15,765,383
0,60,17,34,380
0,60,11,34,380
0,60,12,34,380
0,64,10,33,382
0,64,12,765,382
0,64,13,33,381
0,64,13,33,381
0,64,11,33,382
0,68,12,23,382
0,68,12,23,382
0,68,9,23,382
0,68,11,23,380
0,68,13,23,380
0,72,15,23,381
0,72,14,765,381
0,72,13,23,381
0,72,11,23,381
0,72,11,23,382
0,76,13,23,382
0,76,11,23,380
0,76,12,23,380
0,76,15,23,383
0,76,11,23,383
0,80,13,24,381
0,80,12,765,381
0,80,10,23,381
0,80,15,24,381
0,80,13,24,382
0,84,10,24,382
0,84,11,24,380
0,84,10,25,380
0,84,11,24,380
0,84,11,24,380
0,88,13,28,380
0,88,10,765,380
0,88,13,28,379
0,88,13,28,379
0,88,11,28,378
0,92,11,34,378
0,92,11,34,377
0,92,12,34,377
0,92,11,34,378
0,92,12,34,378
0,96,15,33,381
0,96,12,35,381
0,96,9,33,378
0,96,12,33,378
0,96,11,33,378
0,100,10,22,379
0,100,12,765,379
0,100,11,23,379
0,100,11,22,379
0,100,10,22,378
0,104,10,22,378
0,104,14,22,378
0,104,12,22,378
0,104,9,22,378
0,104,12,22,378
0,108,13,22,378
0,108,10,765,378
0,108,11,22,378
0,108,13,22,378
0,108,11,22,376
0,112,10,22,376
0,112,14,22,377
0,112,12,22,377
0,112,12,22,377
0,112,14,22,377
0,116,11,22,376
0,116,12,765,376
0,116,12,22,375
0,116,10,22,375
0,116,12,22,374
0,120,11,22,374
0,120,11,22,375
0,120,15,22,375
0,120,13,22,376
0,120,11,22,376
0,124,15,23,377
0,124,12,765,377
0,124,12,23,375
0,124,8,23,375
0,124,12,23,377
0,128,10,33,377
0,128,10,33,376
0,128,11,33,376
0,128,14,33,376
0,128,12,33,376
0,132,13,33,375
0,132,9,765,375
0,132,12,33,375
0,132,14,33,375
0,132,10,33,378
0,136,7,33,378
0,136,11,33,374
0,136,11,33,374
0,136,11,33,376
0,136,9,33,376
0,140,11,23,376
0,140,12,765,376
0,140,10,23,374
0,140,11,23,374
0,140,13,23,373
0,144,10,33,373
0,144,9,23,374
0,144,8,23,374
0,144,11,23,376
0,144,9,33,376
0,148,12,33,377
0,148,12,765,377
0,148,8,33,376
0,148,13,33,376
0,148,11,33,376
0,152,13,33,376
0,152,12,33,376
0,152,7,33,376
0,152,7,33,376
0,152,11,33,376
0,156,9,33,378
0,156,10,765,378
0,156,7,33,377
0,156,10,33,377
0,156,9,33,376
0,160,8,32,376
0,160,10,32,379
0,160,9,32,379
0,160,9,32,382
0,160,11,32,382
4,160,12,32,379
4,160,8,765,379
4,160,11,32,379
4,160,11,32,379
4,160,10,32,379
4,156,11,23,379
4,156,13,23,377
4,156,9,23,377
4,156,10,23,376
4,156,10,23,376
4,152,8,23,377
4,152,9,765,377
4,152,10,23,375
4,152,10,23,375
4,152,10,23,373
4,148,12,23,373
4,148,10,23,374
4,148,11,23,374
4,148,9,23,373
4,148,13,23,373
4,144,12,26,374
4,144,10,765,374
4,144,12,26,373
4,144,9,26,373
4,144,8,26,372
4,140,9,32,372
4,140,12,32,371
4,140,11,32,371
4,140,12,32,374
4,140,13,32,374
4,136,10,33,372
4,136,13,765,372
4,136,12,33,371
4,136,10,33,371
4,136,10,33,371
4,132,10,33,371
4,132,13,33,372
4,132,12,33,372
4,132,12,33,370
4,132,12,33,370
4,128,12,33,373
4,128,12,765,373
4,128,11,33,374
4,128,11,33,374
4,128,12,33,373
4,124,11,33,373
4,124,12,33,373
4,124,11,33,373
4,124,12,33,371
4,124,11,33,371
4,120,10,33,375
4,120,12,765,375
4,120,9,33,369
4,120,12,33,369
4,120,10,33,371
4,116,13,33,371
4,116,10,33,374
4,116,11,33,374
4,116,14,33,373
4,116,13,33,373
4,112,13,24,374
4,112,11,765,374
4,112,10,24,373
4,112,11,24,373
4,112,12,24,374
4,108,11,24,374
4,108,12,24,374
4,108,13,24,374
4,108,11,24,373
4,108,12,24,373
4,104,12,33,373
4,104,12,765,373
4,104,12,33,373
4,104,11,33,373
4,104,11,33,373
4,100,11,33,373
4,100,13,33,375
4,100,12,33,375
4,100,12,33,373
4,100,10,33,373
4,96,12,27,374
4,96,13,765,374
4,96,13,27,373
4,96,14,27,373
4,96,13,27,373
4,92,10,33,373
4,92,12,33,372
4,92,11,33,372
4,92,11,33,373
4,92,10,33,373
4,88,11,24,375
4,88,14,765,375
4,88,12,24,374
4,88,10,24,374
4,88,12,24,374
4,84,11,26,374
4,84,10,26,373
4,84,12,26,373
4,84,12,26,373
4,84,15,26,373
4,80,12,23,374
4,80,11,765,374
4,80,11,23,373
4,80,12,23,373
4,80,12,23,372
4,76,12,22,372
4,76,12,23,372
4,76,11,22,372
4,76,12,23,375
4,76,12,23,375
4,72,13,22,375
4,72,15,765,375
4,72,12,22,374
4,72,13,22,374
4,72,13,22,374
4,68,11,22,374
4,68,13,22,374
4,68,13,22,374
4,68,12,22,375
4,68,12,22,375
4,64,9,33,374
4,64,12,765,374
4,64,11,33,374
4,64,12,33,374
4,64,13,33,374
4,60,14,34,374
4,60,10,34,373
4,60,12,34,373
4,60,14,34,376
4,60,14,34,376
4,56,10,25,376
4,56,11,765,376
4,56,11,25,376
4,56,13,25,376
4,56,12,25,376
4,52,11,23,376
4,52,14,23,377
4,52,16,23,377
4,52,12,23,378
4,52,14,23,378
4,48,11,24,377
4,48,15,20,377
4,48,14,24,379
4,48,12,24,379
4,48,12,24,377
4,44,12,34,377
4,44,13,24,378
4,44,12,24,378
4,44,10,24,380
4,44,12,24,380
4,40,15,34,380
4,40,13,765,380
4,40,11,34,379
4,40,13,34,379
4,40,17,34,379
4,36,13,23,379
4,36,14,23,380
4,36,14,23,380
4,36,12,23,380
4,36,13,23,380
4,32,12,26,383
4,32,17,21,383
4,32,13,26,383
4,32,12,26,383
4,32,11,26,383
4,28,12,23,383
4,28,13,23,383
4,28,14,23,383
4,28,13,23,385
4,28,13,23,385
4,24,14,24,383
4,24,16,765,383
4,24,13,24,384
4,24,12,24,384
4,24,14,24,384
4,20,13,32,384
4,20,17,32,387
4,20,13,32,387
4,20,11,32,387
4,20,13,32,387
4,16,17,24,384
4,16,9,765,384
4,16,16,24,387
4,16,14,24,387
4,16,16,24,388
4,12,15,29,388
4,12,14,29,386
4,12,15,29,386
4,12,15,29,387
4,12,14,29,387
4,8,19,23,387
4,8,15,765,387
4,8,16,23,386
4,8,15,23,386
4,8,17,23,386
4,4,15,27,386
4,4,17,27,385
4,4,17,27,385
4,4,15,27,386
4,4,18,27,386
4,0,14,29,386
4,0,15,765,386
4,0,16,29,386
4,0,18,29,386
4,0,15,29,386
8,0,16,25,386
8,0,17,25,384
8,0,14,25,384
8,0,18,25,386
8,0,19,25,386
8,4,17,26,385
8,4,15,765,385
8,4,17,26,387
8,4,14,26,387
8,4,16,26,388
8,8,13,22,388
8,8,18,22,387
8,8,15,22,387
8,8,18,22,388
8,8,15,22,388
8,12,14,26,386
8,12,14,765,386
8,12,14,26,385
8,12,14,26,385
8,12,15,26,386
8,16,15,23,386
8,16,14,23,384
8,16,16,23,384
8,16,13,23,386
8,16,16,23,386
8,20,14,34,386
8,20,17,35,386
8,20,14,34,385
8,20,17,34,385
8,20,14,34,385
8,24,15,23,385
8,24,17,23,385
8,24,13,23,385
8,24,14,23,384
8,24,15,23,384
8,28,13,22,384
8,28,13,765,384
8,28,11,22,384
8,28,10,22,384
8,28,11,22,383
8,32,12,34,383
8,32,11,34,382
8,32,14,34,382
8,32,13,34,383
8,32,13,34,383
8,36,14,22,382
8,36,8,765,382
8,36,14,22,380
8,36,16,22,380
8,36,13,22,381
8,40,15,34,381
8,40,14,34,381
8,40,11,34,381
8,40,12,34,379
8,40,15,34,379
8,44,14,34,379
8,44,15,765,379
8,44,13,34,378
8,44,12,34,378
8,44,13,34,377
8,48,14,34,377
8,48,10,34,378
8,48,12,34,378
8,48,10,34,378
8,48,12,34,378
8,52,16,22,377
8,52,13,20,377
8,52,14,22,375
8,52,14,22,375
8,52,11,22,374
8,56,11,23,374
8,56,11,23,375
8,56,11,23,375
8,56,12,23,376
8,56,16,23,376
8,60,13,24,376
8,60,10,765,376
8,60,15,24,374
8,60,15,24,374
8,60,12,24,374
8,64,13,34,374
8,64,9,34,373
8,64,12,34,373
8,64,14,34,374
8,64,11,34,374
8,68,12,27,372
8,68,16,765,372
8,68,14,27,372
8,68,12,27,372
8,68,10,27,373
8,72,12,22,373
8,72,10,22,371
8,72,14,22,371
8,72,15,22,371
8,72,12,22,371
8,76,11,22,372
8,76,13,765,372
8,76,9,22,371
8,76,12,22,371
8,76,13,22,372
8,80,13,21,372
8,80,12,21,372
8,80,13,21,372
8,80,11,21,373
8,80,13,21,373
8,84,12,22,373
8,84,11,765,373
8,84,12,22,371
8,84,12,22,371
8,84,12,22,372
8,88,14,22,372
8,88,12,22,372
8,88,12,22,372
8,88,10,22,372
8,88,12,22,372
8,92,11,23,372
8,92,11,765,372
8,92,12,23,373
8,92,12,23,373
8,92,15,23,374
8,96,12,23,374
8,96,11,23,374
8,96,12,23,374
8,96,10,23,373
8,96,12,23,373
8,100,12,23,373
8,100,12,35,373
8,100,13,23,376
8,100,11,23,376
8,100,12,23,373
8,104,13,24,373
8,104,13,24,374
8,104,12,24,374
8,104,11,24,375
8,104,9,24,375
8,108,15,24,374
8,108,12,765,374
8,108,10,24,376
8,108,12,24,376
8,108,12,24,374
8,112,12,23,374
8,112,12,23,373
8,112,11,23,373
8,112,10,23,374
8,112,13,23,374
8,116,11,23,375
8,116,12,765,375
8,116,13,24,374
8,116,12,24,374
8,116,11,24,374
8,120,10,24,374
8,120,12,24,374
8,120,10,24,374
8,120,12,24,374
8,120,11,24,374
8,124,13,33,374
8,124,10,765,374
8,124,10,33,375
8,124,14,33,375
8,124,11,33,373
8,128,12,24,373
8,128,11,24,372
8,128,10,24,372
8,128,11,24,374
8,128,12,24,374
8,132,11,24,373
8,132,11,765,373
8,132,11,24,373
8,132,9,24,373
8,132,12,24,372
8,136,12,24,372
8,136,11,24,375
8,136,8,24,375
8,136,11,25,373
8,136,13,25,373
8,140,8,33,372
8,140,13,765,372
8,140,12,33,373
8,140,11,33,373
8,140,13,33,375
8,144,9,26,375
8,144,13,25,372
8,144,8,26,372
8,144,11,26,374
8,144,12,26,374
8,148,10,24,376
8,148,11,765,376
8,148,9,24,375
8,148,11,24,375
8,148,10,24,376
8,152,11,23,376
8,152,11,23,375
8,152,12,23,375
8,152,11,23,377
8,152,14,23,377
8,156,10,23,374
8,156,10,765,374
8,156,11,23,376
8,156,10,23,376
8,156,14,23,376
8,160,14,23,376
8,160,10,23,378
8,160,9,23,378
8,160,13,23,377
8,160,9,23,377
12,160,9,32,378
12,160,11,765,378
12,160,11,32,379
12,160,9,32,379
12,160,12,32,375
12,156,12,33,375
12,156,14,33,376
12,156,13,33,376
12,156,10,33,374
12,156,11,33,374
12,152,11,33,374
12,152,10,765,374
12,152,9,33,374
12,152,11,33,374
12,152,12,33,373
12,148,13,22,373
12,148,13,22,371
12,148,11,22,371
12,148,12,22,371
12,148,11,22,371
12,144,12,21,372
12,144,11,765,372
12,144,11,21,371
12,144,9,21,371
12,144,11,21,372
12,140,11,21,372
12,140,9,21,370
12,140,13,21,370
12,140,12,21,371
12,140,13,21,371
12,136,10,21,372
12,136,11,765,372
12,136,14,21,371
12,136,12,21,371
12,136,11,21,371
12,132,11,21,371
12,132,11,21,371
12,132,9,21,371
12,132,10,21,371
12,132,10,21,371
12,128,12,21,370
12,128,14,765,370
12,128,13,21,368
12,128,13,21,368
12,128,13,21,370
12,124,10,21,370
12,124,11,21,370
12,124,10,21,370
12,124,13,21,369
12,124,10,21,369
12,120,13,21,371
12,120,12,765,371
12,120,11,21,370
12,120,13,21,370
12,120,10,21,369
12,116,14,21,369
12,116,13,21,370
12,116,13,21,370
12,116,12,21,369
12,116,9,21,369
12,112,14,20,368
12,112,12,765,368
12,112,14,20,368
12,112,12,20,368
12,112,12,20,370
12,108,13,20,370
12,108,12,20,369
12,108,11,20,369
12,108,17,20,367
12,108,10,20,367
12,104,13,20,370
12,104,14,765,370
12,104,10,20,367
12,104,13,20,367
12,104,12,20,369
12,100,13,20,369
12,100,11,20,365
12,100,11,20,365
12,100,12,20,368
12,100,13,20,368
12,96,12,20,369
12,96,13,765,369
12,96,10,20,367
12,96,12,20,367
12,96,12,20,365
12,92,12,20,365
12,92,12,20,365
12,92,12,20,365
12,92,10,20,369
12,92,13,20,369
12,88,12,21,367
12,88,14,765,367
12,88,13,21,364
12,88,12,21,364
12,88,12,21,363
12,84,11,21,363
12,84,16,21,362
12,84,13,21,362
12,84,13,21,364
12,84,10,21,364
12,80,11,22,366
12,80,12,765,366
12,80,13,22,364
12,80,16,22,364
12,80,15,22,363
12,76,13,22,363
12,76,14,22,363
12,76,13,22,363
12,76,15,22,363
12,76,10,22,363
12,72,15,27,363
12,72,12,765,363
12,72,14,28,364
12,72,13,27,364
12,72,13,27,362
12,68,12,33,362
12,68,11,33,365
12,68,12,33,365
12,68,14,33,366
12,68,15,33,366
12,64,11,23,364
12,64,13,35,364
12,64,13,23,364
12,64,14,23,364
12,64,13,23,365
12,60,13,23,365
12,60,15,23,366
12,60,12,23,366
12,60,11,33,365
12,60,11,23,365
12,56,13,22,366
12,56,16,765,366
12,56,14,22,367
12,56,13,22,367
12,56,13,22,368
12,52,12,34,368
12,52,12,34,369
12,52,14,34,369
12,52,11,34,369
12,52,11,34,369
12,48,15,24,368
12,48,13,21,368
12,48,12,24,371
12,48,12,24,371
12,48,14,24,371
12,44,14,24,371
12,44,14,24,370
12,44,16,24,370
12,44,11,24,374
12,44,15,24,374
12,40,14,22,372
12,40,14,765,372
12,40,14,22,376
12,40,13,22,376
12,40,11,22,374
12,36,15,33,374
12,36,11,33,375
12,36,14,33,375
12,36,15,33,377
12,36,13,33,377
12,32,13,34,377
12,32,12,765,377
12,32,14,34,376
12,32,15,34,376
12,32,14,34,379
12,28,14,23,379
12,28,13,23,379
12,28,10,23,379
12,28,14,23,379
12,28,15,23,379
12,24,13,23,381
12,24,15,765,381
12,24,12,23,380
12,24,13,23,380
12,24,17,23,382
12,20,14,23,382
12,20,17,23,383
12,20,16,23,383
12,20,14,23,383
12,20,14,23,383
12,16,13,30,383
12,16,12,765,383
12,16,13,30,384
12,16,14,30,384
12,16,15,30,384
12,12,13,21,384
12,12,16,21,384
12,12,15,21,384
12,12,14,21,385
12,12,18,21,385
12,8,16,23,385
12,8,14,765,385
12,8,16,23,384
12,8,64,23,384
12,8,18,23,384
12,4,17,22,384
12,4,15,22,386
12,4,17,22,386
12,4,16,22,385
12,4,13,22,385
12,0,15,23,385
12,0,15,765,385
12,0,17,23,387
12,0,16,23,387
12,0,16,23,388
16,0,16,23,388
16,0,16,23,385
16,0,15,23,385
16,0,16,23,385
16,0,17,23,385
16,4,15,22,385
16,4,14,765,385
16,4,15,22,384
16,4,18,22,384
16,4,17,22,386
16,8,17,23,386
16,8,15,23,384
16,8,15,23,384
16,8,16,23,386
16,8,16,23,386
16,12,12,22,384
16,12,14,765,384
16,12,17,22,385
16,12,16,22,385
16,12,13,22,386
16,16,15,25,386
16,16,15,25,384
16,16,11,25,384
16,16,14,25,383
16,16,16,25,383
16,20,17,25,384
16,20,13,765,384
16,20,15,25,382
16,20,12,25,382
16,20,15,25,381
16,24,15,22,381
16,24,13,22,382
16,24,15,22,382
16,24,14,22,380
16,24,16,22,380
16,28,13,25,381
16,28,16,20,381
16,28,17,25,378
16,28,14,24,378
16,28,16,25,378
16,32,16,34,378
16,32,15,34,375
16,32,12,34,375
16,32,14,34,376
16,32,14,34,376
16,36,14,27,376
16,36,13,765,376
16,36,12,27,374
16,36,12,27,374
16,36,14,27,374
16,40,14,22,374
16,40,14,22,373
16,40,14,22,373
16,40,14,22,374
16,40,13,22,374
16,44,13,34,371
16,44,11,765,371
16,44,14,34,370
16,44,13,34,370
16,44,12,34,369
16,48,14,23,369
16,48,12,23,369
16,48,11,23,369
16,48,15,23,367
16,48,14,23,367
16,52,12,34,367
16,52,16,765,367
16,52,16,34,365
16,52,15,34,365
16,52,13,34,365
16,56,12,23,365
16,56,13,23,363
16,56,10,23,363
16,56,15,23,362
16,56,12,23,362
16,60,13,22,364
16,60,13,765,364
16,60,12,22,361
16,60,12,22,361
16,60,13,22,361
16,64,14,22,361
16,64,11,22,360
16,64,14,22,360
16,64,12,22,361
16,64,14,22,361
16,68,12,22,362
16,68,14,765,362
16,68,11,22,358
16,68,12,22,358
16,68,13,22,359
16,72,16,23,359
16,72,13,23,358
16,72,10,23,358
16,72,14,23,359
16,72,12,23,359
16,76,11,23,361
16,76,12,765,361
16,76,16,23,359
16,76,9,23,359
16,76,12,23,359
16,80,11,24,359
16,80,12,24,360
16,80,12,24,360
16,80,12,24,362
16,80,14,24,362
16,84,14,23,360
16,84,12,765,360
16,84,12,23,360
16,84,11,23,360
16,84,12,23,360
16,88,17,22,360
16,88,13,22,361
16,88,14,22,361
16,88,15,22,361
16,88,12,22,361
16,92,12,21,362
16,92,11,765,362
16,92,12,21,362
16,92,12,21,362
16,92,13,21,362
16,96,12,21,362
16,96,13,21,361
16,96,12,21,361
16,96,12,21,364
16,96,13,21,364
16,100,12,21,365
16,100,11,765,365
16,100,12,21,368
16,100,13,21,368
16,100,13,21,365
16,104,12,20,365
16,104,12,20,366
16,104,13,20,366
16,104,14,20,366
16,104,10,20,366
16,108,12,20,367
16,108,10,765,367
16,108,13,20,366
16,108,15,20,366
16,108,12,20,369
16,112,13,20,369
16,112,11,20,370
16,112,13,20,370
16,112,12,20,369
16,112,13,20,369
16,116,11,20,368
16,116,13,765,368
16,116,12,20,370
16,116,12,20,370
16,116,10,20,371
16,120,14,21,371
16,120,12,21,371
16,120,13,21,371
16,120,10,21,371
16,120,12,21,371
16,124,14,21,372
16,124,13,765,372
16,124,12,21,372
16,124,12,21,372
16,124,15,21,373
16,128,11,21,373
16,128,12,21,374
16,128,10,21,374
16,128,13,21,372
16,128,12,21,372
16,132,11,21,373
16,132,11,765,373
16,132,10,21,373
16,132,10,21,373
16,132,12,21,374
16,136,15,21,374
16,136,11,21,372
16,136,11,21,372
16,136,13,21,371
16,136,11,21,371
16,140,13,21,371
16,140,13,765,371
16,140,12,21,371
16,140,10,21,371
16,140,10,21,373
16,144,10,21,373
16,144,9,21,375
16,144,12,21,375
16,144,11,21,372
16,144,11,21,372
16,148,10,22,375
16,148,11,765,375
16,148,12,22,373
16,148,11,22,373
16,148,10,22,375
16,152,9,33,375
16,152,14,33,375
16,152,11,33,375
16,152,10,33,376
16,152,12,33,376
16,156,10,33,378
16,156,12,765,378
16,156,12,33,377
16,156,10,33,377
16,156,8,33,377
16,160,12,33,377
16,160,11,33,378
16,160,12,33,378
16,160,12,33,375
16,160,10,33,375
20,160,13,22,374
20,160,10,765,374
20,160,11,22,376
20,160,9,22,376
20,160,12,22,375
20,156,11,21,375
20,156,10,21,375
20,156,12,21,375
20,156,11,21,377
20,156,11,21,377
20,152,11,21,376
20,152,9,765,376
20,152,12,21,374
20,152,11,21,374
20,152,13,21,375
20,148,11,21,375
20,148,11,21,372
20,148,13,21,372
20,148,13,22,372
20,148,14,21,372
20,144,11,22,370
20,144,11,765,370
20,144,11,22,372
20,144,12,22,372
20,144,13,22,370
20,140,13,22,370
20,140,12,22,369
20,140,12,22,369
20,140,10,22,370
20,140,13,22,370
20,136,13,22,371
20,136,15,765,371
20,136,10,22,368
20,136,12,22,368
20,136,11,22,369
20,132,11,22,369
20,132,12,22,370
20,132,12,22,370
20,132,12,22,369
20,132,14,22,369
20,128,14,21,368
20,128,13,765,368
20,128,16,21,366
20,128,12,21,366
20,128,12,21,367
20,124,11,21,367
20,124,12,21,366
20,124,11,21,366
20,124,12,21,367
20,124,12,21,367
20,120,13,21,368
20,120,13,765,368
20,120,13,22,366
20,120,13,22,366
20,120,13,22,367
20,116,15,21,367
20,116,12,21,364
20,116,12,21,364
20,116,14,21,364
20,116,14,21,364
20,112,14,21,364
20,112,16,765,364
20,112,11,21,363
20,112,13,21,363
20,112,14,21,362
20,108,13,21,362
20,108,12,21,362
20,108,12,21,362
20,108,14,21,362
20,108,16,21,362
20,104,16,22,360
20,104,11,765,360
20,104,10,22,356
20,104,13,22,356
20,104,15,22,360
20,100,13,22,360
20,100,12,22,355
20,100,13,22,355
20,100,12,22,356
20,100,16,22,356
20,96,16,22,356
20,96,12,765,356
20,96,16,22,355
20,96,13,22,355
20,96,14,22,355
20,92,12,22,355
20,92,11,22,351
20,92,13,22,351
20,92,12,22,352
20,92,16,22,352
20,88,14,22,352
20,88,13,765,352
20,88,10,22,349
20,88,14,22,349
20,88,12,22,350
20,84,12,22,350
20,84,17,22,349
20,84,13,22,349
20,84,11,22,349
20,84,16,22,349
20,80,14,21,348
20,80,13,765,348
20,80,14,21,349
20,80,13,21,349
20,80,14,21,347
20,76,14,21,347
20,76,13,21,349
20,76,16,21,349
20,76,16,21,350
20,76,14,21,350
20,72,14,21,349
20,72,15,765,349
20,72,11,21,347
20,72,14,21,347
20,72,13,21,348
20,68,12,22,348
20,68,17,22,347
20,68,11,22,347
20,68,12,22,349
20,68,16,22,349
20,64,13,34,349
20,64,13,765,349
20,64,13,34,351
20,64,13,34,351
20,64,15,34,351
20,60,15,24,351
20,60,15,24,351
20,60,17,24,351
20,60,14,24,353
20,60,12,24,353
20,56,11,24,351
20,56,13,765,351
20,56,14,26,352
20,56,12,26,352
20,56,13,26,354
20,52,12,22,354
20,52,15,22,358
20,52,14,22,358
20,52,13,22,357
20,52,13,22,357
20,48,13,32,357
20,48,11,20,357
20,48,12,32,360
20,48,13,32,360
20,48,11,32,358
20,44,14,24,358
20,44,15,24,361
20,44,11,24,361
20,44,13,24,363
20,44,14,24,363
20,40,16,23,362
20,40,13,765,362
20,40,15,23,364
20,40,13,23,364
20,40,14,23,364
20,36,13,27,364
20,36,10,27,368
20,36,13,27,368
20,36,12,27,366
20,36,12,27,366
20,32,14,22,368
20,32,15,765,368
20,32,15,22,370
20,32,15,22,370
20,32,11,22,371
20,28,14,34,371
20,28,15,34,372
20,28,14,34,372
20,28,11,34,372
20,28,12,34,372
20,24,15,24,373
20,24,13,765,373
20,24,13,24,375
20,24,16,24,375
20,24,13,24,378
20,20,15,29,378
20,20,12,29,379
20,20,14,29,379
20,20,12,29,378
20,20,16,29,378
20,16,14,32,380
20,16,14,765,380
20,16,15,32,381
20,16,16,31,381
20,16,15,31,380
20,12,16,33,380
20,12,13,33,382
20,12,14,33,382
20,12,14,33,382
20,12,14,33,382
20,8,16,22,382
20,8,16,765,382
20,8,16,22,385
20,8,15,22,385
20,8,15,22,385
20,4,13,25,385
20,4,17,25,384
20,4,14,25,384
20,4,13,25,384
20,4,14,25,384
20,0,16,23,385
20,0,17,765,385
20,0,15,23,385
20,0,15,23,384
20,0,18,765,384
24,0,17,25,384
24,0,19,765,384
24,0,18,25,383
24,0,14,25,383
24,0,21,25,382
24,4,16,34,382
24,4,18,34,383
24,4,17,34,383
24,4,13,34,384
24,4,17,34,384
24,8,17,23,384
24,8,17,765,384
24,8,15,23,382
24,8,17,23,382
24,8,17,23,381
24,12,17,24,381
24,12,14,24,377
24,12,13,24,377
24,12,12,24,381
24,12,15,24,381
24,16,16,23,381
24,16,14,765,381
24,16,11,23,377
24,16,16,23,377
24,16,15,23,377
24,20,15,27,377
24,20,13,27,377
24,20,15,27,377
24,20,12,27,374
24,20,16,27,374
24,24,15,22,374
24,24,14,765,374
24,24,15,22,373
24,24,15,22,373
24,24,15,22,371
24,28,16,34,371
24,28,13,34,371
24,28,14,34,371
24,28,16,34,367
24,28,16,34,367
24,32,15,22,368
24,32,12,20,368
24,32,13,22,367
24,32,15,22,367
24,32,13,22,367
24,36,12,22,367
24,36,14,22,364
24,36,13,22,364
24,36,15,22,363
24,36,14,22,363
24,40,14,23,363
24,40,13,765,363
24,40,15,24,361
24,40,14,24,361
24,40,15,24,358
24,44,13,24,358
24,44,16,24,356
24,44,12,24,356
24,44,16,24,357
24,44,13,24,357
24,48,13,34,355
24,48,16,20,355
24,48,14,34,353
24,48,13,34,353
24,48,15,34,353
24,52,14,21,353
24,52,12,21,349
24,52,16,21,349
24,52,14,21,348
24,52,12,21,348
24,56,14,21,350
24,56,13,765,350
24,56,14,21,345
24,56,12,21,345
24,56,13,21,347
24,60,13,22,347
24,60,10,22,345
24,60,17,22,345
24,60,14,22,345
24,60,11,22,345
24,64,12,27,345
24,64,11,765,345
24,64,13,27,343
24,64,14,27,343
24,64,16,27,342
24,68,13,34,342
24,68,11,34,342
24,68,16,34,342
24,68,13,34,342
24,68,12,34,342
24,72,12,22,341
24,72,14,765,341
24,72,17,22,342
24,72,12,22,342
24,72,12,22,341
24,76,15,21,341
24,76,12,21,342
24,76,16,21,342
24,76,13,21,341
24,76,18,21,341
24,80,14,21,341
24,80,15,765,341
24,80,12,21,341
24,80,13,21,341
24,80,15,21,344
24,84,11,20,344
24,84,14,20,344
24,84,15,20,344
24,84,13,20,342
24,84,13,20,342
24,88,13,20,343
24,88,12,765,343
24,88,13,20,343
24,88,14,20,343
24,88,11,20,345
24,92,13,20,345
24,92,15,20,349
24,92,13,20,349
24,92,14,20,345
24,92,12,20,345
24,96,15,20,347
24,96,12,765,347
24,96,14,20,348
24,96,13,20,348
24,96,10,20,351
24,100,14,20,351
24,100,12,20,351
24,100,13,20,351
24,100,14,20,351
24,100,17,20,351
24,104,12,21,355
24,104,13,765,355
24,104,13,21,355
24,104,14,21,355
24,104,10,21,353
24,108,13,21,353
24,108,11,21,356
24,108,16,21,356
24,108,15,21,358
24,108,13,21,358
24,112,15,21,357
24,112,14,765,357
24,112,13,21,361
24,112,13,21,361
24,112,14,21,360
24,116,15,21,360
24,116,12,21,363
24,116,14,21,363
24,116,10,21,362
24,116,11,21,362
24,120,13,21,363
24,120,14,765,363
24,120,14,21,363
24,120,14,21,363
24,120,11,21,369
24,124,11,21,369
24,124,15,21,367
24,124,12,21,367
24,124,14,21,367
24,124,10,21,367
24,128,14,21,368
24,128,13,765,368
24,128,10,21,366
24,128,13,21,366
24,128,10,21,369
24,132,12,22,369
24,132,13,22,370
24,132,14,22,370
24,132,11,21,369
24,132,11,21,369
24,136,13,22,369
24,136,10,765,369
24,136,12,22,370
24,136,11,22,370
24,136,9,22,369
24,140,10,22,369
24,140,13,22,371
24,140,10,22,371
24,140,12,22,372
24,140,11,22,372
24,144,12,21,371
24,144,13,765,371
24,144,11,21,372
24,144,12,21,372
24,144,13,21,373
24,148,11,21,373
24,148,13,21,371
24,148,12,21,371
24,148,11,21,371
24,148,14,21,371
24,152,11,21,374
24,152,9,765,374
24,152,12,21,376
24,152,10,21,376
24,152,11,21,373
24,156,10,21,373
24,156,10,21,377
24,156,12,21,377
24,156,15,21,378
24,156,11,21,378
24,160,12,21,375
24,160,11,765,375
24,160,14,21,376
24,160,10,21,376
24,160,11,21,375
28,160,13,21,375
28,160,11,21,375
28,160,10,21,375
28,160,14,21,374
28,160,10,21,374
28,156,12,22,374
28,156,8,765,374
28,156,15,22,372
28,156,14,22,372
28,156,10,22,373
28,152,12,23,373
28,152,15,23,372
28,152,14,23,372
28,152,11,23,374
28,152,11,23,374
28,148,12,23,371
28,148,12,765,371
28,148,11,23,370
28,148,12,23,370
28,148,13,23,371
28,144,11,21,371
28,144,15,21,369
28,144,14,21,369
28,144,9,21,369
28,144,12,21,369
28,140,12,21,368
28,140,11,765,368
28,140,14,21,367
28,140,14,21,367
28,140,11,21,369
28,136,10,20,369
28,136,15,20,364
28,136,10,20,364
28,136,11,20,365
28,136,11,20,365
28,132,15,20,367
28,132,13,765,367
28,132,11,20,364
28,132,15,20,364
28,132,12,20,366
28,128,10,20,366
28,128,12,20,363
28,128,15,20,363
28,128,9,20,363
28,128,13,20,363
28,124,15,20,362
28,124,13,765,362
28,124,13,20,364
28,124,14,20,364
28,124,12,20,363
28,120,11,20,363
28,120,15,20,357
28,120,15,20,357
28,120,13,20,358
28,120,11,20,358
28,116,15,20,358
28,116,12,765,358
28,116,14,20,355
28,116,12,20,355
28,116,12,20,355
28,112,12,20,355
28,112,12,20,352
28,112,13,20,352
28,112,12,20,352
28,112,16,20,352
28,108,14,20,351
28,108,14,765,351
28,108,10,20,347
28,108,13,20,347
28,108,11,20,348
28,104,11,20,348
28,104,18,20,344
28,104,14,20,344
28,104,11,20,344
28,104,13,20,344
28,100,11,20,345
28,100,13,765,345
28,100,15,20,341
28,100,14,20,341
28,100,11,20,339
28,96,12,21,339
28,96,15,20,336
28,96,15,21,336
28,96,14,20,338
28,96,13,20,338
28,92,15,21,338
28,92,14,765,338
28,92,14,21,333
28,92,13,21,333
28,92,15,21,333
28,88,13,21,333
28,88,16,21,333
28,88,14,21,333
28,88,13,21,332
28,88,15,21,332
28,84,12,22,332
28,84,13,765,332
28,84,11,21,331
28,84,14,21,331
28,84,11,22,331
28,80,16,22,331
28,80,14,22,327
28,80,15,22,327
28,80,14,22,328
28,80,16,22,328
28,76,13,22,328
28,76,14,35,328
28,76,12,22,326
28,76,13,22,326
28,76,12,22,328
28,72,16,21,328
28,72,13,21,329
28,72,15,21,329
28,72,19,21,329
28,72,17,21,329
28,68,18,21,327
28,68,11,765,327
28,68,16,21,329
28,68,13,21,329
28,68,13,21,329
28,64,12,21,329
28,64,13,21,329
28,64,16,21,329
28,64,12,21,330
28,64,15,21,330
28,60,16,22,331
28,60,12,765,331
28,60,12,22,330
28,60,12,22,330
28,60,12,22,333
28,56,11,34,333
28,56,14,34,335
28,56,12,34,335
28,56,14,34,333
28,56,16,34,333
28,52,14,23,335
28,52,15,20,335
28,52,12,23,336
28,52,16,23,336
28,52,13,23,338
28,48,14,22,338
28,48,14,22,342
28,48,16,22,342
28,48,11,22,343
28,48,15,22,343
28,44,16,21,342
28,44,14,765,342
28,44,16,21,346
28,44,14,21,346
28,44,15,21,346
28,40,16,34,346
28,40,14,34,348
28,40,16,34,348
28,40,14,34,349
28,40,17,34,349
28,36,14,34,348
28,36,15,765,348
28,36,14,34,355
28,36,16,34,355
28,36,17,34,354
28,32,13,34,354
28,32,14,34,358
28,32,14,34,358
28,32,12,34,359
28,32,18,34,359
28,28,13,22,360
28,28,13,20,360
28,28,16,22,363
28,28,15,22,363
28,28,17,22,365
28,24,14,25,365
28,24,16,25,365
28,24,14,25,365
28,24,16,25,367
28,24,16,25,367
28,20,17,24,367
28,20,17,765,367
28,20,14,24,371
28,20,15,24,371
28,20,15,24,370
28,16,12,22,370
28,16,12,22,375
28,16,14,22,375
28,16,15,22,373
28,16,16,22,373
28,12,15,23,373
28,12,17,765,373
28,12,12,23,377
28,12,16,23,377
28,12,13,23,375
28,8,18,22,375
28,8,15,22,378
28,8,16,22,378
28,8,15,22,378
28,8,16,22,378
28,4,16,25,379
28,4,19,765,379
28,4,15,25,381
28,4,18,25,381
28,4,15,25,381
28,0,17,23,381
28,0,17,23,383
28,0,18,23,383
28,0,18,23,382
28,0,13,23,382
32,0,18,22,384
32,0,16,765,384
32,0,17,22,380
32,0,18,22,380
32,0,16,22,382
32,4,16,23,382
32,4,17,23,379
32,4,18,23,379
32,4,17,23,381
32,4,13,23,381
32,8,14,21,380
32,8,15,765,380
32,8,14,21,375
32,8,14,21,375
32,8,16,21,377
32,12,15,22,377
32,12,16,22,373
32,12,14,22,373
32,12,14,22,373
32,12,16,22,373
32,16,14,23,375
32,16,14,765,375
32,16,17,24,371
32,16,16,24,371
32,16,12,23,369
32,20,15,23,369
32,20,14,23,367
32,20,16,23,367
32,20,14,23,367
32,20,17,23,367
32,24,14,26,365
32,24,15,765,365
32,24,16,26,359
32,24,13,26,359
32,24,14,26,360
32,28,12,22,360
32,28,14,22,355
32,28,16,22,355
32,28,12,22,354
32,28,12,22,354
32,32,15,26,357
32,32,13,20,357
32,32,11,26,350
32,32,12,26,350
32,32,15,26,352
32,36,12,23,352
32,36,14,23,347
32,36,15,23,347
32,36,13,23,346
32,36,13,23,346
32,40,15,34,349
32,40,17,35,349
32,40,12,34,339
32,40,13,34,339
32,40,16,34,343
32,44,13,22,343
32,44,15,22,337
32,44,12,22,337
32,44,13,22,337
32,44,13,22,337
32,48,14,21,336
32,48,16,765,336
32,48,14,21,331
32,48,14,21,331
32,48,14,21,332
32,52,17,21,332
32,52,14,21,327
32,52,10,21,327
32,52,12,21,328
32,52,14,21,328
32,56,13,23,328
32,56,14,765,328
32,56,13,23,325
32,56,16,23,325
32,56,16,23,326
32,60,13,25,326
32,60,12,24,321
32,60,16,24,321
32,60,17,24,321
32,60,14,24,321
32,64,13,22,324
32,64,16,765,324
32,64,15,22,321
32,64,15,22,321
32,64,13,22,320
32,68,13,21,320
32,68,15,21,319
32,68,14,21,319
32,68,14,21,320
32,68,16,21,320
32,72,13,20,320
32,72,15,765,320
32,72,14,20,320
32,72,15,20,320
32,72,15,20,321
32,76,13,20,321
32,76,13,20,320
32,76,13,20,320
32,76,13,20,319
32,76,14,20,319
32,80,10,20,319
32,80,14,765,319
32,80,12,20,319
32,80,18,20,319
32,80,14,20,321
32,84,16,21,321
32,84,10,21,322
32,84,13,21,322
32,84,12,21,323
32,84,15,21,323
32,88,13,21,323
32,88,14,36,323
32,88,11,21,325
32,88,16,21,325
32,88,11,21,325
32,92,12,21,325
32,92,16,21,327
32,92,14,21,327
32,92,14,21,327
32,92,14,21,327
32,96,15,21,325
32,96,13,765,325
32,96,14,21,330
32,96,13,21,330
32,96,12,21,330
32,100,13,21,330
32,100,13,21,334
32,100,14,21,334
32,100,14,21,334
32,100,13,21,334
32,104,11,21,335
32,104,15,765,335
32,104,13,21,337
32,104,14,21,337
32,104,14,21,337
32,108,12,21,337
32,108,15,21,343
32,108,13,21,343
32,108,13,21,345
32,108,14,21,345
32,112,12,21,343
32,112,15,765,343
32,112,11,21,348
32,112,13,21,348
32,112,11,21,348
32,116,16,21,348
32,116,11,21,351
32,116,16,21,351
32,116,11,21,351
32,116,11,21,351
32,120,12,20,354
32,120,14,765,354
32,120,14,20,357
32,120,16,20,357
32,120,15,20,355
32,124,17,21,355
32,124,13,21,359
32,124,13,21,359
32,124,15,21,360
32,124,11,21,360
32,128,11,21,360
32,128,11,765,360
32,128,12,21,361
32,128,13,21,361
32,128,12,21,361
32,132,16,21,361
32,132,13,21,364
32,132,14,21,364
32,132,12,21,365
32,132,14,21,365
32,136,11,21,364
32,136,11,765,364
32,136,13,21,366
32,136,11,21,366
32,136,15,21,366
32,140,12,21,366
32,140,14,21,368
32,140,14,21,368
32,140,11,21,369
32,140,12,21,369
32,144,11,21,368
32,144,13,765,368
32,144,12,21,369
32,144,15,21,369
32,144,10,21,371
32,148,14,22,371
32,148,11,22,371
32,148,13,22,371
32,148,14,22,371
32,148,11,22,371
32,152,11,23,372
32,152,13,765,372
32,152,11,23,374
32,152,12,23,374
32,152,11,23,373
32,156,12,22,373
32,156,11,22,375
32,156,11,22,375
32,156,13,22,375
32,156,13,23,375
32,160,12,22,377
32,160,13,765,377
32,160,13,22,377
32,160,15,22,377
32,160,14,22,373
36,160,11,24,373
36,160,11,24,375
36,160,11,24,375
36,160,11,24,375
36,160,12,32,375
36,156,13,32,375
36,156,12,765,375
36,156,13,32,374
36,156,11,32,374
36,156,12,32,373
36,152,10,21,373
36,152,15,21,373
36,152,12,21,373
36,152,12,21,373
36,152,12,21,373
36,148,12,20,371
36,148,11,765,371
36,148,15,20,366
36,148,16,20,366
36,148,14,21,371
36,144,12,20,371
36,144,15,20,367
36,144,12,20,367
36,144,15,20,367
36,144,13,20,367
36,140,14,20,368
36,140,17,765,368
36,140,14,20,363
36,140,13,20,363
36,140,12,20,366
36,136,14,20,366
36,136,15,20,361
36,136,11,20,361
36,136,11,20,363
36,136,15,20,363
36,132,14,20,360
36,132,12,765,360
36,132,13,20,358
36,132,15,20,358
36,132,12,20,359
36,128,15,20,359
36,128,12,20,356
36,128,15,20,356
36,128,11,20,357
36,128,13,20,357
36,124,12,20,355
36,124,14,765,355
36,124,13,20,349
36,124,16,20,349
36,124,12,20,353
36,120,16,20,353
36,120,11,20,344
36,120,15,20,344
36,120,15,20,348
36,120,13,20,348
36,116,16,20,347
36,116,16,765,347
36,116,14,20,340
36,116,11,20,340
36,116,15,20,341
36,112,15,20,341
36,112,17,20,335
36,112,15,20,335
36,112,14,20,334
36,112,13,20,334
36,108,13,20,335
36,108,12,21,335
36,108,16,20,330
36,108,16,20,330
36,108,15,20,331
36,104,13,20,331
36,104,18,20,327
36,104,17,20,327
36,104,17,20,328
36,104,13,20,328
36,100,14,20,327
36,100,13,765,327
36,100,13,20,321
36,100,14,20,321
36,100,13,20,318
36,96,13,20,318
36,96,14,20,317
36,96,10,20,317
36,96,16,20,316
36,96,14,20,316
36,92,15,20,319
36,92,16,765,319
36,92,14,20,314
36,92,12,20,314
36,92,12,20,314
36,88,14,20,314
36,88,14,20,313
36,88,12,20,313
36,88,14,20,312
36,88,17,20,312
36,84,15,20,312
36,84,17,765,312
36,84,13,20,309
36,84,13,20,309
36,84,16,20,308
36,80,16,21,308
36,80,14,21,305
36,80,15,21,305
36,80,14,21,308
36,80,15,21,308
36,76,18,21,305
36,76,17,765,305
36,76,11,21,306
36,76,13,21,306
36,76,16,21,304
36,72,18,22,304
36,72,13,23,306
36,72,14,22,306
36,72,17,22,307
36,72,15,22,307
36,68,10,22,305
36,68,13,765,305
36,68,15,22,305
36,68,16,22,305
36,68,16,22,307
36,64,15,21,307
36,64,14,21,307
36,64,15,21,307
36,64,14,21,308
36,64,15,21,308
36,60,15,21,307
36,60,14,765,307
36,60,14,21,309
36,60,14,21,309
36,60,14,21,312
36,56,15,21,312
36,56,16,21,313
36,56,13,21,313
36,56,12,21,314
36,56,12,21,314
36,52,13,34,313
36,52,13,765,313
36,52,13,34,319
36,52,15,34,319
36,52,12,34,319
36,48,16,22,319
36,48,16,22,321
36,48,17,22,321
36,48,13,22,324
36,48,15,22,324
36,44,14,23,323
36,44,15,765,323
36,44,16,23,327
36,44,17,23,327
36,44,14,23,327
36,40,14,22,327
36,40,13,22,333
36,40,11,22,333
36,40,14,22,333
36,40,17,22,333
36,36,15,24,333
36,36,16,765,333
36,36,14,24,339
36,36,14,24,339
36,36,12,24,338
36,32,16,27,338
36,32,15,28,343
36,32,16,27,343
36,32,14,27,344
36,32,14,27,344
36,28,17,22,343
36,28,15,20,343
36,28,17,22,351
36,28,14,22,351
36,28,14,22,350
36,24,18,28,350
36,24,13,28,354
36,24,17,28,354
36,24,14,28,357
36,24,14,28,357
36,20,17,31,354
36,20,16,765,354
36,20,14,25,360
36,20,14,25,360
36,20,15,25,361
36,16,16,31,361
36,16,15,31,366
36,16,16,31,366
36,16,17,31,365
36,16,15,31,365
36,12,18,22,365
36,12,15,765,365
36,12,15,22,369
36,12,14,22,369
36,12,12,22,370
36,8,17,34,370
36,8,14,34,373
36,8,17,34,373
36,8,18,34,373
36,8,13,34,373
36,4,16,22,373
36,4,19,765,373
36,4,17,22,375
36,4,15,22,375
36,4,17,22,376
36,0,19,24,376
36,0,18,24,379
36,0,17,24,379
36,0,20,24,378
36,0,19,24,378
40,0,16,34,380
40,0,18,765,380
40,0,15,34,377
40,0,16,34,377
40,0,15,34,378
40,4,18,23,378
40,4,16,23,371
40,4,15,23,371
40,4,19,24,373
40,4,17,23,373
40,8,14,23,374
40,8,16,765,374
40,8,16,23,369
40,8,17,23,369
40,8,19,23,371
40,12,16,22,371
40,12,16,22,364
40,12,14,22,364
40,12,19,22,364
40,12,16,22,364
40,16,16,24,366
40,16,14,765,366
40,16,13,24,359
40,16,14,24,359
40,16,11,24,361
40,20,13,23,361
40,20,15,23,353
40,20,17,23,353
40,20,16,23,354
40,20,18,23,354
40,24,15,26,354
40,24,13,765,354
40,24,18,26,347
40,24,14,26,347
40,24,13,26,349
40,28,17,21,349
40,28,11,21,341
40,28,14,21,341
40,28,13,21,342
40,28,13,21,342
40,32,14,34,341
40,32,16,20,341
40,32,14,34,334
40,32,13,34,334
40,32,14,34,335
40,36,16,25,335
40,36,16,25,328
40,36,16,25,328
40,36,14,25,330
40,36,14,25,330
40,40,13,22,328
40,40,14,765,328
40,40,16,22,323
40,40,13,22,323
40,40,15,22,322
40,44,15,22,322
40,44,16,22,318
40,44,13,22,318
40,44,14,22,318
40,44,14,22,318
40,48,15,21,319
40,48,13,765,319
40,48,16,21,312
40,48,16,21,312
40,48,15,21,313
40,52,12,24,313
40,52,15,24,309
40,52,15,24,309
40,52,15,24,308
40,52,14,24,308
40,56,14,22,309
40,56,15,765,309
40,56,13,22,305
40,56,13,22,305
40,56,11,22,306
40,60,16,21,306
40,60,13,21,301
40,60,13,21,301
40,60,13,21,302
40,60,13,21,302
40,64,16,20,301
40,64,16,765,301
40,64,15,20,299
40,64,17,20,299
40,64,12,20,300
40,68,14,20,300
40,68,14,20,298
40,68,15,20,298
40,68,15,20,298
40,68,16,20,298
40,72,17,21,299
40,72,13,765,299
40,72,14,21,295
40,72,15,21,295
40,72,17,21,298
40,76,13,21,298
40,76,17,21,298
40,76,15,21,298
40,76,17,21,298
40,76,15,21,298
40,80,14,21,298
40,80,16,765,298
40,80,12,21,298
40,80,14,21,298
40,80,13,21,298
40,84,12,21,298
40,84,14,21,300
40,84,15,21,300
40,84,16,21,300
40,84,16,21,300
40,88,18,21,301
40,88,15,765,301
40,88,14,21,301
40,88,15,21,301
40,88,14,21,303
40,92,12,20,303
40,92,13,20,305
40,92,16,20,305
40,92,15,20,306
40,92,17,20,306
40,96,14,20,307
40,96,16,38,307
40,96,13,20,309
40,96,11,20,309
40,96,14,20,309
40,100,17,20,309
40,100,16,20,312
40,100,14,20,312
40,100,12,20,313
40,100,15,20,313
40,104,14,20,313
40,104,14,765,313
40,104,15,20,318
40,104,15,20,318
40,104,14,20,320
40,108,16,20,320
40,108,15,20,324
40,108,14,20,324
40,108,15,20,324
40,108,16,20,324
40,112,13,20,323
40,112,15,765,323
40,112,13,20,330
40,112,13,20,330
40,112,13,20,331
40,116,13,20,331
40,116,14,20,337
40,116,13,20,337
40,116,11,20,337
40,116,15,20,337
40,120,15,20,337
40,120,15,765,337
40,120,15,20,341
40,120,12,20,341
40,120,16,20,342
40,124,11,20,342
40,124,14,20,346
40,124,14,20,346
40,124,11,20,347
40,124,12,20,347
40,128,12,20,347
40,128,13,765,347
40,128,11,20,353
40,128,14,20,353
40,128,13,20,355
40,132,14,20,355
40,132,13,20,356
40,132,15,20,356
40,132,12,20,355
40,132,13,20,355
40,136,12,20,356
40,136,13,765,356
40,136,17,20,360
40,136,12,20,360
40,136,13,20,359
40,140,13,20,359
40,140,14,20,362
40,140,12,20,362
40,140,15,20,363
40,140,16,20,363
40,144,13,20,368
40,144,12,765,368
40,144,11,20,367
40,144,12,20,367
40,144,10,20,366
40,148,13,20,366
40,148,14,20,372
40,148,12,20,372
40,148,12,20,369
40,148,11,20,369
40,152,9,21,370
40,152,11,765,370
40,152,13,21,372
40,152,12,21,372
40,152,12,21,373
40,156,11,33,373
40,156,12,33,374
40,156,11,33,374
40,156,14,33,372
40,156,13,33,372
40,160,12,32,373
40,160,12,34,373
40,160,11,32,375
40,160,12,32,375
40,160,13,32,375
44,160,11,32,375
44,160,11,32,372
44,160,12,32,372
44,160,15,32,374
44,160,15,32,374
44,156,11,21,374
44,156,11,765,374
44,156,12,21,373
44,156,15,21,373
44,156,16,21,372
44,152,14,20,372
44,152,15,20,369
44,152,15,20,369
44,152,14,20,371
44,152,15,20,371
44,148,11,20,370
44,148,14,765,370
44,148,13,20,368
44,148,15,20,368
44,148,15,20,368
44,144,14,20,368
44,144,12,20,363
44,144,14,20,363
44,144,15,20,364
44,144,11,20,364
44,140,13,20,364
44,140,14,765,364
44,140,13,20,361
44,140,11,20,361
44,140,11,20,359
44,136,12,20,359
44,136,13,20,354
44,136,16,20,354
44,136,16,20,357
44,136,15,20,357
44,132,17,20,356
44,132,12,765,356
44,132,14,20,349
44,132,13,20,349
44,132,15,20,351
44,128,14,20,351
44,128,16,20,343
44,128,13,20,343
44,128,14,20,345
44,128,12,20,345
44,124,11,20,345
44,124,14,765,345
44,124,12,20,337
44,124,17,20,337
44,124,15,20,339
44,120,16,20,339
44,120,13,20,331
44,120,11,20,331
44,120,16,20,331
44,120,12,20,331
44,116,14,20,331
44,116,14,765,331
44,116,14,20,324
44,116,16,20,324
44,116,14,20,324
44,112,15,20,324
44,112,15,20,317
44,112,12,20,317
44,112,15,20,316
44,112,13,20,316
44,108,14,20,319
44,108,16,36,319
44,108,17,20,310
44,108,17,20,310
44,108,16,20,310
44,104,18,20,310
44,104,15,20,306
44,104,14,20,306
44,104,15,20,307
44,104,17,20,307
44,100,14,20,305
44,100,15,37,305
44,100,16,20,301
44,100,13,20,301
44,100,14,20,303
44,96,12,20,303
44,96,15,20,296
44,96,15,20,296
44,96,14,20,297
44,96,13,20,297
44,92,17,20,296
44,92,15,765,296
44,92,16,20,291
44,92,16,20,291
44,92,16,20,294
44,88,14,20,294
44,88,13,20,289
44,88,14,20,289
44,88,17,20,290
44,88,14,20,290
44,84,15,20,291
44,84,16,765,291
44,84,15,20,286
44,84,15,20,286
44,84,15,20,288
44,80,16,20,288
44,80,15,20,284
44,80,13,20,284
44,80,16,20,285
44,80,16,20,285
44,76,14,20,286
44,76,11,765,286
44,76,13,20,284
44,76,14,20,284
44,76,15,20,284
44,72,14,21,284
44,72,17,21,285
44,72,15,21,285
44,72,16,21,285
44,72,16,21,285
44,68,14,22,285
44,68,15,765,285
44,68,16,22,286
44,68,15,22,286
44,68,16,22,284
44,64,17,24,284
44,64,14,24,288
44,64,16,24,288
44,64,14,24,288
44,64,14,24,288
44,60,12,22,286
44,60,14,765,286
44,60,15,22,290
44,60,16,22,290
44,60,18,22,290
44,56,12,21,290
44,56,14,21,293
44,56,17,21,293
44,56,12,21,293
44,56,15,21,293
44,52,15,22,294
44,52,12,765,294
44,52,13,22,297
44,52,17,22,297
44,52,17,22,298
44,48,16,22,298
44,48,12,22,303
44,48,15,22,303
44,48,17,22,305
44,48,14,22,305
44,44,14,33,302
44,44,14,765,302
44,44,15,33,308
44,44,12,33,308
44,44,12,33,308
44,40,11,22,308
44,40,16,22,316
44,40,16,22,316
44,40,17,22,315
44,40,16,22,315
44,36,14,30,314
44,36,13,765,314
44,36,12,30,322
44,36,15,30,322
44,36,18,30,321
44,32,17,31,321
44,32,16,31,327
44,32,15,31,327
44,32,17,31,329
44,32,13,31,329
44,28,16,23,327
44,28,19,20,327
44,28,14,23,334
44,28,16,23,334
44,28,15,23,336
44,24,16,23,336
44,24,15,23,339
44,24,15,23,339
44,24,14,23,340
44,24,16,23,340
44,20,15,23,341
44,20,16,765,341
44,20,17,23,349
44,20,16,23,349
44,20,16,23,347
44,16,18,30,347
44,16,17,30,354
44,16,14,30,354
44,16,17,30,355
44,16,15,30,355
44,12,16,21,355
44,12,15,765,355
44,12,16,21,359
44,12,17,21,359
44,12,16,21,361
44,8,17,23,361
44,8,16,23,365
44,8,18,23,365
44,8,17,23,365
44,8,15,23,365
44,4,20,22,366
44,4,14,765,366
44,4,20,22,371
44,4,18,22,371
44,4,21,22,373
44,0,16,23,373
44,0,19,23,374
44,0,16,23,374
44,0,18,23,375
44,0,17,23,375
48,0,18,23,374
48,0,18,765,374
48,0,18,23,371
48,0,17,23,371
48,0,20,23,373
48,4,21,22,373
48,4,17,22,366
48,4,16,22,366
48,4,15,22,367
48,4,19,22,367
48,8,16,24,370
48,8,18,765,370
48,8,20,24,360
48,8,18,24,360
48,8,17,24,361
48,12,14,22,361
48,12,16,22,356
48,12,16,22,356
48,12,13,22,352
48,12,18,22,352
48,16,16,32,354
48,16,18,765,354
48,16,17,32,348
48,16,18,32,348
48,16,14,32,349
48,20,13,24,349
48,20,18,24,340
48,20,19,24,340
48,20,15,24,341
48,20,16,24,341
48,24,18,34,341
48,24,19,765,341
48,24,15,34,332
48,24,15,34,332
48,24,18,34,333
48,28,15,22,333
48,28,14,22,324
48,28,16,22,324
48,28,16,22,325
48,28,15,22,325
48,32,14,30,327
48,32,17,21,327
48,32,13,30,317
48,32,17,30,317
48,32,15,30,320
48,36,16,27,320
48,36,17,27,311
48,36,18,27,311
48,36,18,27,311
48,36,13,27,311
48,40,14,22,313
48,40,12,765,313
48,40,14,22,304
48,40,16,22,304
48,40,13,22,307
48,44,16,34,307
48,44,12,34,299
48,44,18,34,299
48,44,13,34,301
48,44,13,34,301
48,48,14,22,299
48,48,12,765,299
48,48,17,22,292
48,48,17,22,292
48,48,14,22,295
48,52,12,34,295
48,52,16,34,290
48,52,17,34,290
48,52,15,34,288
48,52,14,34,288
48,56,18,22,290
48,56,17,765,290
48,56,16,22,285
48,56,17,21,285
48,56,14,21,286
48,60,18,21,286
48,60,16,21,281
48,60,16,21,281
48,60,15,21,281
48,60,16,21,281
48,64,16,20,283
48,64,14,765,283
48,64,17,20,279
48,64,11,20,279
48,64,15,20,279
48,68,16,21,279
48,68,16,20,278
48,68,15,21,278
48,68,16,21,276
48,68,13,21,276
48,72,16,21,279
48,72,16,765,279
48,72,13,21,277
48,72,14,21,277
48,72,15,21,278
48,76,16,21,278
48,76,17,21,276
48,76,15,21,276
48,76,13,21,276
48,76,15,21,276
48,80,13,21,278
48,80,15,765,278
48,80,13,21,279
48,80,15,21,279
48,80,14,21,279
48,84,17,20,279
48,84,15,20,278
48,84,14,20,278
48,84,14,20,281
48,84,16,20,281
48,88,13,20,280
48,88,16,765,280
48,88,16,20,282
48,88,15,20,282
48,88,15,20,282
48,92,16,20,282
48,92,14,20,285
48,92,14,20,285
48,92,16,20,285
48,92,14,20,285
48,96,16,20,285
48,96,17,765,285
48,96,15,20,288
48,96,14,20,288
48,96,14,20,289
48,100,14,20,289
48,100,14,20,293
48,100,16,20,293
48,100,17,20,294
48,100,14,20,294
48,104,16,20,294
48,104,15,765,294
48,104,13,20,299
48,104,16,20,299
48,104,14,20,301
48,108,17,20,301
48,108,16,20,305
48,108,12,20,305
48,108,16,20,305
48,108,15,20,305
48,112,15,20,306
48,112,14,765,306
48,112,15,20,310
48,112,16,20,310
48,112,14,20,311
48,116,13,20,311
48,116,17,20,318
48,116,16,20,318
48,116,13,20,317
48,116,15,20,317
48,120,15,20,317
48,120,15,765,317
48,120,13,20,326
48,120,14,20,326
48,120,18,20,326
48,124,17,20,326
48,124,13,20,333
48,124,14,20,333
48,124,16,20,336
48,124,15,20,336
48,128,16,20,336
48,128,16,765,336
48,128,16,20,340
48,128,14,20,340
48,128,17,20,341
48,132,14,20,341
48,132,11,20,347
48,132,12,20,347
48,132,13,20,346
48,132,14,20,346
48,136,12,20,350
48,136,13,765,350
48,136,15,20,352
48,136,14,20,352
48,136,15,20,352
48,140,17,20,352
48,140,12,20,356
48,140,12,20,356
48,140,12,20,358
48,140,12,20,358
48,144,15,20,358
48,144,12,765,358
48,144,14,20,361
48,144,13,20,361
48,144,14,20,363
48,148,11,20,363
48,148,11,20,366
48,148,13,20,366
48,148,14,20,364
48,148,11,20,364
48,152,16,20,367
48,152,13,765,367
48,152,12,20,370
48,152,13,20,370
48,152,13,20,369
48,156,12,21,369
48,156,14,21,370
48,156,12,21,370
48,156,12,21,373
48,156,12,21,373
48,160,15,22,371
48,160,12,765,371
48,160,11,22,374
48,160,13,22,374
48,160,13,22,375
52,160,14,21,375
52,160,16,21,372
52,160,14,21,372
52,160,14,21,372
52,160,14,21,372
52,156,13,20,372
52,156,15,765,372
52,156,15,20,371
52,156,13,20,371
52,156,15,20,373
52,152,12,20,373
52,152,14,20,367
52,152,14,20,367
52,152,15,20,368
52,152,13,20,368
52,148,13,20,369
52,148,14,765,369
52,148,13,20,362
52,148,12,20,362
52,148,12,20,359
52,144,15,20,359
52,144,13,20,358
52,144,16,20,358
52,144,18,20,357
52,144,16,20,357
52,140,15,20,358
52,140,13,765,358
52,140,13,20,351
52,140,16,20,351
52,140,15,20,353
52,136,14,20,353
52,136,14,20,345
52,136,15,20,345
52,136,16,20,345
52,136,16,20,345
52,132,15,20,344
52,132,15,765,344
52,132,13,20,336
52,132,16,20,336
52,132,13,20,336
52,128,14,20,336
52,128,13,36,336
52,128,15,20,329
52,128,16,20,329
52,128,16,20,330
52,124,13,20,330
52,124,16,20,320
52,124,16,20,320
52,124,12,20,322
52,124,16,20,322
52,120,13,20,324
52,120,14,765,324
52,120,16,20,316
52,120,15,20,316
52,120,16,20,314
52,116,14,20,314
52,116,12,20,304
52,116,15,20,304
52,116,16,20,307
52,116,17,20,307
52,112,17,20,305
52,112,15,765,305
52,112,16,20,297
52,112,17,20,297
52,112,15,20,297
52,108,14,20,297
52,108,13,20,291
52,108,13,20,291
52,108,17,20,292
52,108,17,20,292
52,104,16,20,290
52,104,13,37,290
52,104,13,20,285
52,104,17,20,285
52,104,16,20,285
52,100,15,20,285
52,100,13,20,281
52,100,17,20,281
52,100,14,20,282
52,100,20,20,282
52,96,19,20,284
52,96,16,765,284
52,96,15,20,277
52,96,16,20,277
52,96,13,20,278
52,92,17,20,278
52,92,14,20,274
52,92,16,20,274
52,92,15,20,273
52,92,12,20,273
52,88,18,20,272
52,88,14,765,272
52,88,14,20,269
52,88,14,20,269
52,88,15,20,270
52,84,16,20,270
52,84,17,20,266
52,84,13,20,266
52,84,15,20,266
52,84,15,20,266
52,80,16,20,268
52,80,13,765,268
52,80,16,20,267
52,80,16,20,267
52,80,16,20,266
52,76,17,20,266
52,76,15,20,265
52,76,15,20,265
52,76,13,20,267
52,76,13,20,267
52,72,16,20,265
52,72,16,765,265
52,72,17,20,265
52,72,17,20,265
52,72,13,20,264
52,68,17,21,264
52,68,16,21,268
52,68,16,21,268
52,68,16,21,268
52,68,17,21,268
52,64,13,35,266
52,64,18,765,266
52,64,16,35,268
52,64,16,35,268
52,64,17,35,268
52,60,16,23,268
52,60,14,23,272
52,60,14,23,272
52,60,16,23,272
52,60,14,23,272
52,56,16,22,271
52,56,15,765,271
52,56,13,22,275
52,56,17,22,275
52,56,16,22,275
52,52,16,21,275
52,52,20,21,280
52,52,16,21,280
52,52,13,21,281
52,52,18,21,281
52,48,14,22,282
52,48,17,765,282
52,48,15,22,285
52,48,13,22,285
52,48,14,22,285
52,44,15,33,285
52,44,15,33,291
52,44,16,33,291
52,44,15,33,290
52,44,15,33,290
52,40,16,23,292
52,40,15,765,292
52,40,15,23,297
52,40,16,23,297
52,40,15,23,298
52,36,13,28,298
52,36,12,28,303
52,36,15,28,303
52,36,14,28,305
52,36,15,28,305
52,32,15,22,305
52,32,16,20,305
52,32,14,22,310
52,32,12,22,310
52,32,17,22,312
52,28,14,24,312
52,28,19,24,317
52,28,15,24,317
52,28,15,24,321
52,28,16,24,321
52,24,17,22,319
52,24,15,765,319
52,24,17,22,328
52,24,18,22,328
52,24,15,22,326
52,20,16,23,326
52,20,17,23,336
52,20,18,23,336
52,20,14,23,335
52,20,18,23,335
52,16,18,24,336
52,16,16,765,336
52,16,14,24,341
52,16,16,24,341
52,16,16,24,343
52,12,14,21,343
52,12,16,21,351
52,12,17,21,351
52,12,19,21,350
52,12,17,21,350
52,8,18,24,349
52,8,17,765,349
52,8,16,24,356
52,8,18,24,356
52,8,15,24,356
52,4,16,23,356
52,4,16,23,364
52,4,18,22,364
52,4,16,22,363
52,4,15,22,363
52,0,17,24,363
52,0,17,765,363
52,0,17,25,368
52,0,16,25,368
52,0,17,25,368
56,0,18,23,368
56,0,19,23,365
56,0,18,23,365
56,0,20,23,366
56,0,19,23,366
56,4,19,22,366
56,4,17,765,366
56,4,17,22,361
56,4,17,22,361
56,4,18,22,360
56,8,17,22,360
56,8,19,22,352
56,8,15,22,352
56,8,16,22,353
56,8,17,22,353
56,12,18,21,353
56,12,16,765,353
56,12,18,21,344
56,12,15,21,344
56,12,17,21,343
56,16,16,25,343
56,16,14,25,335
56,16,16,25,335
56,16,17,25,334
56,16,17,25,334
56,20,18,24,338
56,20,17,765,338
56,20,17,24,326
56,20,18,24,326
56,20,14,24,327
56,24,17,22,327
56,24,17,22,318
56,24,17,22,318
56,24,19,22,320
56,24,16,22,320
56,28,12,23,319
56,28,18,20,319
56,28,13,23,309
56,28,15,23,309
56,28,16,23,311
56,32,15,33,311
56,32,17,33,303
56,32,16,33,303
56,32,16,33,303
56,32,15,33,303
56,36,14,29,302
56,36,15,765,302
56,36,13,29,295
56,36,17,29,295
56,36,15,29,296
56,40,18,22,296
56,40,12,22,288
56,40,17,22,288
56,40,16,22,288
56,40,15,22,288
56,44,19,34,289
56,44,13,765,289
56,44,14,34,282
56,44,15,34,282
56,44,15,34,282
56,48,13,23,282
56,48,16,23,278
56,48,14,23,278
56,48,14,23,279
56,48,18,23,279
56,52,14,34,280
56,52,18,765,280
56,52,15,34,272
56,52,14,34,272
56,52,15,34,272
56,56,14,21,272
56,56,16,21,269
56,56,18,21,269
56,56,16,21,268
56,56,17,21,268
56,60,17,20,267
56,60,16,765,267
56,60,16,20,265
56,60,15,20,265
56,60,18,20,264
56,64,13,20,264
56,64,13,20,262
56,64,15,20,262
56,64,16,20,261
56,64,13,20,261
56,68,17,21,263
56,68,13,765,263
56,68,15,21,260
56,68,18,21,260
56,68,20,21,261
56,72,14,21,261
56,72,13,21,261
56,72,13,21,261
56,72,16,21,261
56,72,13,21,261
56,76,16,21,259
56,76,16,765,259
56,76,17,21,260
56,76,14,21,260
56,76,16,21,258
56,80,17,20,258
56,80,17,20,260
56,80,18,20,260
56,80,13,20,260
56,80,14,20,260
56,84,13,20,260
56,84,17,765,260
56,84,15,20,262
56,84,16,20,262
56,84,15,20,262
56,88,16,20,262
56,88,15,20,263
56,88,12,20,263
56,88,16,20,263
56,88,15,20,263
56,92,15,20,264
56,92,16,20,264
56,92,16,20,269
56,92,16,20,269
56,92,14,20,267
56,96,14,20,267
56,96,14,20,270
56,96,17,20,270
56,96,16,20,271
56,96,18,20,271
56,100,18,20,274
56,100,16,765,274
56,100,17,20,274
56,100,14,20,274
56,100,15,20,276
56,104,14,20,276
56,104,16,20,280
56,104,16,20,280
56,104,15,20,280
56,104,17,20,280
56,108,13,20,283
56,108,17,765,283
56,108,14,20,288
56,108,16,20,288
56,108,16,20,288
56,112,12,20,288
56,112,13,20,292
56,112,15,20,292
56,112,13,20,292
56,112,16,20,292
56,116,18,20,292
56,116,12,765,292
56,116,14,20,300
56,116,15,20,300
56,116,15,20,301
56,120,13,20,301
56,120,14,20,307
56,120,13,20,307
56,120,15,20,308
56,120,15,20,308
56,124,12,20,307
56,124,16,765,307
56,124,12,20,317
56,124,14,20,317
56,124,16,20,317
56,128,16,20,317
56,128,15,20,326
56,128,16,20,326
56,128,14,20,326
56,128,16,20,326
56,132,16,20,327
56,132,14,765,327
56,132,17,20,334
56,132,12,20,334
56,132,15,20,335
56,136,15,20,335
56,136,12,20,340
56,136,11,20,340
56,136,14,20,340
56,136,15,20,340
56,140,14,20,342
56,140,15,765,342
56,140,16,20,350
56,140,14,20,350
56,140,12,20,349
56,144,14,20,349
56,144,13,20,355
56,144,14,20,355
56,144,16,20,355
56,144,13,20,355
56,148,15,20,354
56,148,15,765,354
56,148,12,20,360
56,148,12,20,360
56,148,14,20,361
56,152,14,20,361
56,152,15,20,366
56,152,12,20,366
56,152,12,20,369
56,152,12,20,369
56,156,14,21,367
56,156,11,765,367
56,156,13,21,369
56,156,16,21,369
56,156,12,21,368
56,160,11,21,368
56,160,11,21,375
56,160,15,21,375
56,160,14,21,375
56,160,13,21,375
60,160,14,21,375
60,160,15,765,375
60,160,14,21,373
60,160,13,21,373
60,160,13,21,372
60,156,13,20,372
60,156,15,20,368
60,156,14,20,368
60,156,12,20,369
60,156,12,20,369
60,152,14,20,367
60,152,15,765,367
60,152,13,20,362
60,152,14,20,362
60,152,15,20,362
60,148,15,20,362
60,148,14,20,356
60,148,15,20,356
60,148,12,20,357
60,148,16,20,357
60,144,14,21,357
60,144,15,765,357
60,144,14,21,350
60,144,15,21,350
60,144,15,21,351
60,140,14,21,351
60,140,13,21,343
60,140,14,21,343
60,140,11,21,343
60,140,14,21,343
60,136,14,21,344
60,136,15,35,344
60,136,14,21,333
60,136,14,21,333
60,136,17,21,333
60,132,15,21,333
60,132,15,21,324
60,132,13,21,324
60,132,15,21,325
60,132,13,21,325
60,128,15,21,323
60,128,12,765,323
60,128,13,21,313
60,128,14,21,313
60,128,16,21,316
60,124,16,20,316
60,124,13,20,306
60,124,16,20,306
60,124,15,20,306
60,124,15,20,306
60,120,19,20,305
60,120,17,37,305
60,120,15,20,297
60,120,14,20,297
60,120,18,20,296
60,116,14,20,296
60,116,18,20,289
60,116,14,20,289
60,116,17,20,289
60,116,16,20,289
60,112,16,20,288
60,112,17,38,288
60,112,15,20,282
60,112,14,20,282
60,112,15,20,284
60,108,13,20,284
60,108,16,20,275
60,108,14,20,275
60,108,17,20,277
60,108,16,20,277
60,104,16,20,277
60,104,16,765,277
60,104,17,20,269
60,104,14,20,269
60,104,16,20,271
60,100,13,20,271
60,100,17,20,264
60,100,16,20,264
60,100,15,20,265
60,100,16,20,265
60,96,13,20,265
60,96,15,36,265
60,96,17,20,261
60,96,17,20,261
60,96,17,20,262
60,92,17,20,262
60,92,20,20,257
60,92,18,20,257
60,92,16,20,256
60,92,16,20,256
60,88,14,20,256
60,88,17,36,256
60,88,17,20,254
60,88,17,20,254
60,88,15,20,254
60,84,15,20,254
60,84,15,20,250
60,84,17,20,250
60,84,14,20,249
60,84,15,20,249
60,80,17,20,251
60,80,17,765,251
60,80,18,20,248
60,80,15,20,248
60,80,15,20,248
60,76,16,20,248
60,76,17,20,248
60,76,16,20,248
60,76,16,20,247
60,76,17,20,247
60,72,15,20,250
60,72,18,765,250
60,72,15,20,249
60,72,15,20,249
60,72,14,20,247
60,68,15,20,247
60,68,15,20,250
60,68,16,20,250
60,68,15,20,249
60,68,19,20,249
60,64,16,34,250
60,64,18,35,250
60,64,15,34,253
60,64,16,34,253
60,64,13,34,253
60,60,14,23,253
60,60,17,23,255
60,60,15,23,255
60,60,17,23,258
60,60,17,23,258
60,56,16,23,257
60,56,14,765,257
60,56,13,23,260
60,56,15,23,260
60,56,15,23,261
60,52,15,21,261
60,52,15,21,265
60,52,17,21,265
60,52,16,21,265
60,52,18,21,265
60,48,17,22,266
60,48,16,20,266
60,48,18,22,270
60,48,17,22,270
60,48,15,22,270
60,44,14,25,270
60,44,16,25,276
60,44,15,25,276
60,44,15,25,275
60,44,15,25,275
60,40,18,23,275
60,40,16,765,275
60,40,15,23,282
60,40,15,23,282
60,40,15,23,282
60,36,16,28,282
60,36,16,28,290
60,36,15,28,290
60,36,17,28,291
60,36,18,28,291
60,32,16,22,291
60,32,15,20,291
60,32,15,22,297
60,32,17,22,297
60,32,18,22,300
60,28,17,24,300
60,28,16,24,305
60,28,17,24,305
60,28,15,24,306
60,28,16,24,306
60,24,14,23,306
60,24,16,765,306
60,24,17,23,315
60,24,16,23,315
60,24,13,23,315
60,20,17,24,315
60,20,14,24,322
60,20,16,24,322
60,20,17,24,322
60,20,15,24,322
60,16,15,25,321
60,16,17,765,321
60,16,17,25,330
60,16,17,25,330
60,16,15,25,332
60,12,16,22,332
60,12,18,22,339
60,12,16,22,339
60,12,14,22,341
60,12,19,22,341
60,8,16,23,341
60,8,18,765,341
60,8,18,23,348
60,8,17,23,348
60,8,17,23,350
60,4,19,23,350
60,4,18,23,355
60,4,17,23,355
60,4,17,23,357
60,4,19,23,357
60,0,19,23,358
60,0,18,765,358
60,0,20,23,364
60,0,18,23,364
60,0,21,23,363
64,0,18,23,363
64,0,19,23,360
64,0,16,23,360
64,0,19,23,361
64,0,18,23,361
64,4,17,22,361
64,4,20,765,361
64,4,19,22,353
64,4,20,22,353
64,4,18,22,353
64,8,16,23,353
64,8,18,23,345
64,8,19,23,345
64,8,16,23,343
64,8,21,23,343
64,12,16,21,345
64,12,18,765,345
64,12,20,21,335
64,12,14,21,335
64,12,18,21,335
64,16,18,24,335
64,16,15,24,325
64,16,17,24,325
64,16,17,24,326
64,16,17,24,326
64,20,15,24,325
64,20,16,765,325
64,20,18,24,316
64,20,19,24,316
64,20,16,24,317
64,24,17,22,317
64,24,16,22,308
64,24,16,22,308
64,24,18,22,308
64,24,13,22,308
64,28,15,23,308
64,28,13,765,308
64,28,18,23,297
64,28,16,23,297
64,28,18,23,300
64,32,15,33,300
64,32,16,765,300
64,32,17,33,292
64,32,16,33,292
64,32,15,33,290
64,36,16,27,290
64,36,15,27,283
64,36,17,27,283
64,36,14,27,284
64,36,15,27,284
64,40,15,22,283
64,40,19,765,283
64,40,15,22,273
64,40,14,22,273
64,40,17,22,276
64,44,16,33,276
64,44,15,33,270
64,44,14,33,270
64,44,14,33,268
64,44,13,33,268
64,48,19,24,269
64,48,16,765,269
64,48,16,24,264
64,48,16,24,264
64,48,17,24,264
64,52,13,22,264
64,52,15,22,260
64,52,16,22,260
64,52,12,22,259
64,52,16,22,259
64,56,18,21,259
64,56,16,765,259
64,56,16,21,253
64,56,14,21,253
64,56,13,21,254
64,60,15,20,254
64,60,16,20,248
64,60,16,20,248
64,60,17,20,250
64,60,14,20,250
64,64,15,20,248
64,64,14,765,248
64,64,15,20,246
64,64,16,20,246
64,64,16,20,245
64,68,15,21,245
64,68,16,21,243
64,68,15,21,243
64,68,15,21,245
64,68,16,21,245
64,72,15,21,243
64,72,17,765,243
64,72,16,21,242
64,72,13,21,242
64,72,16,21,244
64,76,16,20,244
64,76,17,20,242
64,76,15,20,242
64,76,15,20,242
64,76,16,20,242
64,80,19,20,242
64,80,15,765,242
64,80,16,20,242
64,80,18,20,242
64,80,16,20,243
64,84,16,20,243
64,84,15,20,245
64,84,16,20,245
64,84,18,20,244
64,84,15,20,244
64,88,17,20,245
64,88,14,20,245
64,88,16,20,248
64,88,18,20,248
64,88,15,20,248
64,92,15,20,248
64,92,15,20,253
64,92,17,20,253
64,92,15,20,252
64,92,16,20,252
64,96,15,20,253
64,96,15,765,253
64,96,15,20,256
64,96,19,20,256
64,96,17,20,258
64,100,17,20,258
64,100,16,20,262
64,100,14,20,262
64,100,14,20,261
64,100,17,20,261
64,104,15,20,263
64,104,16,765,263
64,104,16,20,266
64,104,13,20,266
64,104,18,20,267
64,108,14,20,267
64,108,16,20,273
64,108,17,20,273
64,108,15,20,273
64,108,15,20,273
64,112,13,20,273
64,112,17,20,273
64,112,14,20,278
64,112,16,20,278
64,112,15,20,281
64,116,12,20,281
64,116,15,20,286
64,116,14,20,286
64,116,13,20,286
64,116,18,20,286
64,120,17,20,286
64,120,13,21,286
64,120,15,20,295
64,120,15,20,295
64,120,14,20,294
64,124,15,20,294
64,124,15,20,303
64,124,15,20,303
64,124,12,20,302
64,124,15,20,302
64,128,13,20,305
64,128,16,35,305
64,128,17,20,311
64,128,14,20,311
64,128,16,20,310
64,132,14,20,310
64,132,16,20,320
64,132,14,20,320
64,132,18,20,321
64,132,15,20,321
64,136,15,20,321
64,136,16,765,321
64,136,16,20,330
64,136,13,20,330
64,136,16,20,330
64,140,16,20,330
64,140,16,20,342
64,140,15,20,342
64,140,15,20,340
64,140,11,20,340
64,144,14,20,341
64,144,15,765,341
64,144,13,20,347
64,144,17,20,347
64,144,13,20,350
64,148,14,20,350
64,148,14,20,353
64,148,14,20,353
64,148,12,20,358
64,148,16,20,358
64,152,14,20,356
64,152,17,765,356
64,152,15,20,363
64,152,16,20,363
64,152,14,20,363
64,156,11,21,363
64,156,14,21,367
64,156,12,21,367
64,156,15,21,369
64,156,12,21,369
64,160,15,21,367
64,160,14,765,367
64,160,16,21,372
64,160,14,21,372
64,160,12,21,372
68,160,13,21,372
68,160,12,21,368
68,160,15,21,368
68,160,15,21,368
68,160,11,21,368
68,156,16,21,370
68,156,15,765,370
68,156,14,21,365
68,156,18,21,365
68,156,16,21,367
68,152,14,20,367
68,152,11,20,360
68,152,14,20,360
68,152,16,20,359
68,152,12,20,359
68,148,18,21,360
68,148,15,765,360
68,148,17,21,353
68,148,16,21,353
68,148,18,21,354
68,144,19,21,354
68,144,13,22,344
68,144,16,22,344
68,144,18,22,344
68,144,13,22,344
68,140,13,21,343
68,140,15,35,343
68,140,13,21,331
68,140,15,21,331
68,140,16,21,334
68,136,14,21,334
68,136,14,21,323
68,136,16,21,323
68,136,19,21,326
68,136,14,21,326
68,132,15,21,323
68,132,16,35,323
68,132,14,21,313
68,132,18,21,313
68,132,16,21,312
68,128,17,21,312
68,128,14,21,301
68,128,15,21,301
68,128,15,21,304
68,128,16,21,304
68,124,16,21,302
68,124,17,37,302
68,124,17,21,294
68,124,18,21,294
68,124,16,21,293
68,120,16,21,293
68,120,14,21,285
68,120,16,21,285
68,120,18,21,286
68,120,16,21,286
68,116,16,20,284
68,116,15,37,284
68,116,16,20,277
68,116,16,20,277
68,116,14,20,278
68,112,16,20,278
68,112,18,20,269
68,112,17,20,269
68,112,17,20,270
68,112,15,20,270
68,108,18,20,270
68,108,15,38,270
68,108,17,20,264
68,108,17,20,264
68,108,16,20,264
68,104,16,20,264
68,104,16,20,258
68,104,18,20,258
68,104,17,20,257
68,104,19,20,257
68,100,16,20,258
68,100,18,37,258
68,100,16,20,253
68,100,16,20,253
68,100,17,20,252
68,96,15,20,252
68,96,14,20,246
68,96,18,20,246
68,96,20,20,248
68,96,16,20,248
68,92,18,20,246
68,92,15,36,246
68,92,16,20,241
68,92,14,20,241
68,92,18,20,242
68,88,18,20,242
68,88,16,20,238
68,88,17,20,238
68,88,15,20,238
68,88,15,20,238
68,84,18,20,237
68,84,19,765,237
68,84,14,20,234
68,84,16,20,234
68,84,17,20,234
68,80,17,20,234
68,80,15,20,233
68,80,19,20,233
68,80,14,20,233
68,80,16,20,233
68,76,14,20,234
68,76,18,765,234
68,76,17,20,232
68,76,18,20,232
68,76,17,20,232
68,72,16,20,232
68,72,14,20,233
68,72,16,20,233
68,72,17,20,232
68,72,15,20,232
68,68,16,20,234
68,68,19,765,234
68,68,15,20,235
68,68,17,20,235
68,68,17,20,234
68,64,16,21,234
68,64,17,21,238
68,64,17,21,238
68,64,15,21,239
68,64,15,21,239
68,60,15,22,237
68,60,16,765,237
68,60,16,22,241
68,60,16,22,241
68,60,14,22,241
68,56,16,23,241
68,56,18,23,245
68,56,15,23,245
68,56,16,23,245
68,56,15,23,245
68,52,12,21,247
68,52,15,765,247
68,52,16,21,250
68,52,16,21,250
68,52,17,21,250
68,48,15,22,250
68,48,14,22,258
68,48,14,22,258
68,48,17,22,258
68,48,19,22,258
68,44,19,34,258
68,44,16,765,258
68,44,14,34,264
68,44,13,34,264
68,44,17,34,264
68,40,17,24,264
68,40,17,24,270
68,40,16,24,270
68,40,15,24,271
68,40,14,24,271
68,36,16,33,271
68,36,17,765,271
68,36,15,33,278
68,36,15,33,278
68,36,19,33,281
68,32,16,22,281
68,32,14,23,288
68,32,15,23,288
68,32,17,23,287
68,32,15,23,287
68,28,15,26,288
68,28,17,23,288
68,28,18,26,295
68,28,17,26,295
68,28,18,26,294
68,24,16,23,294
68,24,14,23,303
68,24,18,23,303
68,24,15,23,303
68,24,16,23,303
68,20,16,25,304
68,20,16,765,304
68,20,15,25,310
68,20,14,25,310
68,20,14,25,312
68,16,14,23,312
68,16,18,23,323
68,16,17,23,323
68,16,17,23,322
68,16,17,23,322
68,12,16,22,322
68,12,16,765,322
68,12,17,22,331
68,12,21,22,331
68,12,17,22,333
68,8,18,23,333
68,8,19,23,343
68,8,18,23,343
68,8,18,23,341
68,8,17,23,341
68,4,18,23,341
68,4,17,765,341
68,4,23,22,349
68,4,18,22,349
68,4,17,23,347
68,0,17,23,347
68,0,15,23,356
68,0,18,23,356
68,0,18,23,357
68,0,20,23,357
72,0,19,24,357
72,0,19,765,357
72,0,19,24,357
72,0,18,765,357
72,0,20,24,357
72,4,20,23,356
72,4,16,765,356
72,4,19,23,349
72,4,19,23,349
72,4,17,23,348
72,8,18,24,348
72,8,18,23,339
72,8,18,24,339
72,8,16,24,338
72,8,21,24,338
72,12,15,22,338
72,12,15,765,338
72,12,18,22,328
72,12,18,22,328
72,12,16,22,328
72,16,18,26,328
72,16,18,26,318
72,16,16,26,318
72,16,15,26,318
72,16,18,26,318
72,20,17,23,318
72,20,13,765,318
72,20,19,23,307
72,20,16,23,307
72,20,17,23,307
72,24,17,23,307
72,24,16,24,299
72,24,17,23,299
72,24,13,24,299
72,24,16,24,299
72,28,14,23,299
72,28,16,765,299
72,28,16,23,290
72,28,16,23,290
72,28,16,23,290
72,32,19,25,290
72,32,17,25,283
72,32,17,25,283
72,32,13,25,284
72,32,15,25,284
72,36,15,28,283
72,36,17,765,283
72,36,14,28,273
72,36,16,28,273
72,36,17,28,273
72,40,14,22,273
72,40,16,22,268
72,40,17,22,268
72,40,13,22,268
72,40,16,22,268
72,44,15,34,268
72,44,17,765,268
72,44,18,34,258
72,44,15,34,258
72,44,15,34,260
72,48,19,24,260
72,48,18,24,252
72,48,17,24,252
72,48,16,24,253
72,48,17,24,253
72,52,16,22,254
72,52,17,765,254
72,52,16,22,245
72,52,18,22,245
72,52,17,22,245
72,56,11,21,245
72,56,19,21,241
72,56,15,21,241
72,56,14,21,241
72,56,17,21,241
72,60,16,20,239
72,60,15,765,239
72,60,13,20,236
72,60,15,20,236
72,60,14,20,237
72,64,16,20,237
72,64,15,20,232
72,64,16,20,232
72,64,16,20,233
72,64,18,20,233
72,68,18,21,233
72,68,15,765,233
72,68,16,21,229
72,68,13,21,229
72,68,16,21,230
72,72,17,21,230
72,72,15,21,228
72,72,12,21,228
72,72,19,21,227
72,72,19,21,227
72,76,16,20,228
72,76,16,765,228
72,76,17,20,229
72,76,11,20,229
72,76,16,20,228
72,80,17,20,228
72,80,15,20,230
72,80,16,20,230
72,80,11,20,229
72,80,16,20,229
72,84,16,20,229
72,84,17,765,229
72,84,15,20,232
72,84,16,20,232
72,84,14,20,232
72,88,18,20,232
72,88,17,20,235
72,88,16,20,235
72,88,17,20,235
72,88,17,20,235
72,92,17,20,235
72,92,16,765,235
72,92,20,20,239
72,92,15,20,239
72,92,16,20,240
72,96,16,20,240
72,96,16,20,245
72,96,15,20,245
72,96,15,20,243
72,96,19,20,243
72,100,12,20,245
72,100,19,765,245
72,100,17,20,249
72,100,16,20,249
72,100,14,20,251
72,104,17,20,251
72,104,15,20,257
72,104,17,20,257
72,104,12,20,256
72,104,15,20,256
72,108,15,20,256
72,108,18,20,256
72,108,17,20,263
72,108,18,20,263
72,108,14,20,263
72,112,16,20,263
72,112,18,20,270
72,112,15,20,270
72,112,19,20,269
72,112,18,20,269
72,116,16,20,269
72,116,14,40,269
72,116,17,20,274
72,116,16,20,274
72,116,15,20,277
72,120,16,20,277
72,120,13,20,285
72,120,15,20,285
72,120,17,20,285
72,120,18,20,285
72,124,17,20,284
72,124,15,35,284
72,124,16,20,294
72,124,17,20,294
72,124,16,21,292
72,128,19,21,292
72,128,17,21,299
72,128,16,21,299
72,128,13,21,300
72,128,18,21,300
72,132,14,21,302
72,132,18,35,302
72,132,15,21,312
72,132,15,21,312
72,132,18,21,311
72,136,17,20,311
72,136,16,20,321
72,136,16,20,321
72,136,16,20,320
72,136,16,20,320
72,140,15,20,321
72,140,16,34,321
72,140,14,20,330
72,140,15,20,330
72,140,15,20,330
72,144,14,20,330
72,144,14,20,343
72,144,17,20,343
72,144,14,20,342
72,144,15,20,342
72,148,15,20,343
72,148,14,765,343
72,148,16,20,350
72,148,14,20,350
72,148,16,20,352
72,152,15,20,352
72,152,19,20,360
72,152,12,20,360
72,152,14,20,359
72,152,17,20,359
72,156,16,21,360
72,156,13,765,360
72,156,17,21,364
72,156,11,21,364
72,156,14,21,364
72,160,12,21,364
72,160,15,21,371
72,160,15,21,371
72,160,14,21,369
72,160,15,21,369
76,160,14,21,369
76,160,15,765,369
76,160,15,21,367
76,160,13,21,367
76,160,13,21,369
76,156,13,20,369
76,156,14,20,361
76,156,17,20,361
76,156,13,20,364
76,156,12,20,364
76,152,15,20,365
76,152,15,765,365
76,152,14,20,358
76,152,14,20,358
76,152,12,20,357
76,148,14,21,357
76,148,15,21,348
76,148,16,21,348
76,148,16,21,350
76,148,15,21,350
76,144,17,21,349
76,144,14,765,349
76,144,15,22,337
76,144,13,22,337
76,144,15,22,338
76,140,16,21,338
76,140,15,21,325
76,140,16,22,325
76,140,17,22,328
76,140,13,21,328
76,136,15,21,329
76,136,15,765,329
76,136,13,21,315
76,136,15,21,315
76,136,14,21,316
76,132,14,21,316
76,132,17,21,307
76,132,15,21,307
76,132,15,21,305
76,132,16,21,305
76,128,18,21,306
76,128,19,35,306
76,128,15,21,294
76,128,16,21,294
76,128,18,21,296
76,124,15,21,296
76,124,17,21,284
76,124,18,21,284
76,124,17,21,286
76,124,16,21,286
76,120,18,21,286
76,120,16,765,286
76,120,18,21,279
76,120,15,21,279
76,120,16,21,277
76,116,21,20,277
76,116,15,20,268
76,116,16,20,268
76,116,16,20,270
76,116,19,20,270
76,112,15,20,268
76,112,18,765,268
76,112,18,20,263
76,112,16,20,263
76,112,17,20,260
76,108,17,20,260
76,108,17,20,256
76,108,16,20,256
76,108,18,20,254
76,108,19,20,254
76,104,16,20,255
76,104,14,765,255
76,104,18,20,250
76,104,18,20,250
76,104,16,20,249
76,100,17,20,249
76,100,13,20,242
76,100,16,20,242
76,100,17,20,244
76,100,17,20,244
76,96,15,20,244
76,96,19,765,244
76,96,15,20,236
76,96,18,20,236
76,96,18,20,238
76,92,16,20,238
76,92,17,20,231
76,92,16,20,231
76,92,18,20,232
76,92,18,20,232
76,88,19,20,232
76,88,17,765,232
76,88,15,20,227
76,88,15,20,227
76,88,16,20,228
76,84,16,20,228
76,84,18,20,223
76,84,17,20,223
76,84,17,20,223
76,84,17,20,223
76,80,15,20,223
76,80,16,765,223
76,80,19,20,220
76,80,14,20,220
76,80,17,20,222
76,76,19,20,222
76,76,18,20,220
76,76,16,20,220
76,76,16,20,219
76,76,14,20,219
76,72,16,20,219
76,72,16,765,219
76,72,17,20,220
76,72,19,20,220
76,72,16,20,221
76,68,16,20,221
76,68,17,20,222
76,68,18,20,222
76,68,13,20,223
76,68,19,20,223
76,64,17,27,223
76,64,17,765,223
76,64,15,27,224
76,64,17,27,224
76,64,16,27,226
76,60,17,22,226
76,60,16,22,230
76,60,15,22,230
76,60,15,22,230
76,60,15,22,231
76,56,16,22,231
76,56,17,22,235
76,56,18,22,235
76,56,17,22,235
76,56,16,22,235
76,52,17,22,235
76,52,15,765,235
76,52,14,22,241
76,52,19,22,241
76,52,16,22,243
76,48,17,22,243
76,48,14,22,248
76,48,16,22,248
76,48,18,22,249
76,48,18,22,249
76,44,13,34,246
76,44,16,765,246
76,44,17,34,254
76,44,18,34,254
76,44,17,34,254
76,40,17,23,254
76,40,15,23,261
76,40,15,23,261
76,40,17,23,263
76,40,14,23,263
76,36,15,30,265
76,36,15,765,265
76,36,14,30,271
76,36,16,30,271
76,36,14,30,271
76,32,17,22,271
76,32,15,22,280
76,32,18,22,280
76,32,14,22,279
76,32,17,22,279
76,28,16,25,278
76,28,16,22,278
76,28,16,25,288
76,28,18,25,288
76,28,11,25,287
76,24,18,24,287
76,24,16,24,296
76,24,16,24,296
76,24,17,24,296
76,24,15,25,296
76,20,18,23,294
76,20,17,765,294
76,20,17,23,305
76,20,15,23,305
76,20,18,24,306
76,16,18,33,306
76,16,18,33,315
76,16,17,33,315
76,16,17,33,315
76,16,17,33,315
76,12,16,22,316
76,12,17,765,316
76,12,16,22,325
76,12,18,22,325
76,12,18,22,325
76,8,15,23,325
76,8,15,23,334
76,8,17,23,334
76,8,16,23,336
76,8,18,23,336
76,4,16,23,335
76,4,18,765,335
76,4,19,23,345
76,4,18,23,345
76,4,18,23,346
76,0,20,23,346
76,0,17,23,352
76,0,19,23,352
76,0,19,23,354
76,0,22,23,354
80,0,17,24,354
80,0,19,765,354
80,0,19,24,354
80,0,19,24,354
80,0,17,24,351
80,4,18,23,351
80,4,19,23,344
80,4,21,23,344
80,4,19,23,345
80,4,16,23,345
80,8,17,24,342
80,8,18,765,342
80,8,18,24,335
80,8,15,24,335
80,8,19,24,334
80,12,15,22,334
80,12,17,22,324
80,12,18,22,324
80,12,18,22,323
80,12,16,22,323
80,16,18,26,324
80,16,20,765,324
80,16,17,26,314
80,16,18,26,314
80,16,15,26,315
80,20,17,23,315
80,20,17,23,305
80,20,17,23,305
80,20,16,23,303
80,20,16,23,303
80,24,17,27,304
80,24,15,765,304
80,24,16,27,294
80,24,14,27,294
80,24,16,27,295
80,28,16,23,295
80,28,15,23,284
80,28,18,23,284
80,28,17,23,283
80,28,16,23,283
80,32,17,27,284
80,32,14,765,284
80,32,16,26,276
80,32,19,26,276
80,32,16,26,276
80,36,15,32,276
80,36,14,32,268
80,36,16,32,268
80,36,16,32,266
80,36,14,32,266
80,40,14,22,267
80,40,18,765,267
80,40,14,22,258
80,40,17,22,258
80,40,14,22,260
80,44,16,33,260
80,44,18,33,252
80,44,18,33,252
80,44,16,33,253
80,44,16,33,253
80,48,14,24,252
80,48,17,765,252
80,48,18,24,244
80,48,18,24,244
80,48,16,24,245
80,52,18,34,245
80,52,14,34,240
80,52,20,34,240
80,52,16,34,238
80,52,14,34,238
80,56,15,21,237
80,56,17,765,237
80,56,16,21,232
80,56,14,21,232
80,56,14,21,233
80,60,15,20,233
80,60,17,20,226
80,60,15,20,226
80,60,18,20,225
80,60,18,20,225
80,64,17,20,227
80,64,16,765,227
80,64,16,20,222
80,64,16,20,222
80,64,17,20,221
80,68,17,21,221
80,68,13,21,220
80,68,18,21,220
80,68,17,21,219
80,68,17,21,219
80,72,18,21,220
80,72,19,765,220
80,72,16,21,218
80,72,13,21,218
80,72,15,21,218
80,76,15,20,218
80,76,15,20,218
80,76,16,20,218
80,76,18,20,219
80,76,16,20,219
80,80,16,20,219
80,80,15,765,219
80,80,18,20,221
80,80,17,20,221
80,80,18,20,221
80,84,18,20,221
80,84,17,20,224
80,84,16,20,224
80,84,15,20,222
80,84,17,20,222
80,88,14,20,224
80,88,18,765,224
80,88,15,20,227
80,88,16,20,227
80,88,17,20,228
80,92,18,20,228
80,92,18,20,231
80,92,20,20,231
80,92,14,20,231
80,92,16,20,231
80,96,19,20,232
80,96,18,765,232
80,96,18,20,237
80,96,18,20,237
80,96,18,20,237
80,100,16,20,237
80,100,16,20,242
80,100,17,20,242
80,100,17,20,243
80,100,18,20,243
80,104,14,20,242
80,104,15,765,242
80,104,18,20,250
80,104,14,20,250
80,104,14,20,248
80,108,17,20,248
80,108,16,20,256
80,108,19,20,256
80,108,17,20,256
80,108,15,20,256
80,112,14,20,256
80,112,17,765,256
80,112,17,20,263
80,112,19,20,263
80,112,17,20,264
80,116,18,20,264
80,116,16,20,272
80,116,13,20,272
80,116,15,20,270
80,116,17,20,270
80,120,14,20,271
80,120,13,765,271
80,120,14,20,278
80,120,17,20,278
80,120,16,20,277
80,124,18,20,277
80,124,17,20,288
80,124,16,20,288
80,124,14,20,286
80,124,16,20,286
80,128,16,20,286
80,128,18,765,286
80,128,15,20,296
80,128,18,20,296
80,128,17,20,296
80,132,16,20,296
80,132,17,20,305
80,132,17,20,305
80,132,13,20,306
80,132,15,20,306
80,136,17,20,305
80,136,18,765,305
80,136,19,20,313
80,136,16,20,313
80,136,16,20,316
80,140,15,20,316
80,140,13,20,328
80,140,17,20,328
80,140,12,20,326
80,140,13,20,326
80,144,16,20,327
80,144,17,765,327
80,144,16,20,338
80,144,14,20,338
80,144,14,20,337
80,148,14,20,337
80,148,16,20,348
80,148,17,20,348
80,148,16,20,348
80,148,14,20,348
80,152,14,21,351
80,152,14,765,351
80,152,13,21,354
80,152,14,21,354
80,152,17,21,356
80,156,17,21,356
80,156,17,21,361
80,156,14,21,361
80,156,12,21,365
80,156,15,21,365
80,160,17,22,364
80,160,17,765,364
80,160,13,22,366
80,160,15,22,366
80,160,16,22,369
84,160,16,22,369
84,160,15,22,367
84,160,16,22,367
84,160,15,22,367
84,160,15,22,367
84,156,13,21,368
84,156,14,765,368
84,156,14,21,363
84,156,19,21,363
84,156,13,21,361
84,152,16,20,361
84,152,17,20,356
84,152,14,20,356
84,152,16,20,358
84,152,14,20,358
84,148,15,20,355
84,148,18,765,355
84,148,16,20,345
84,148,16,20,345
84,148,15,20,346
84,144,16,20,346
84,144,17,20,334
84,144,13,20,334
84,144,16,20,334
84,144,15,20,334
84,140,17,21,336
84,140,14,34,336
84,140,16,21,324
84,140,18,21,324
84,140,16,21,323
84,136,17,21,323
84,136,16,21,311
84,136,17,21,311
84,136,19,21,312
84,136,14,21,312
84,132,16,21,311
84,132,17,765,311
84,132,13,21,301
84,132,16,21,301
84,132,17,21,303
84,128,17,21,303
84,128,15,21,289
84,128,19,21,289
84,128,16,21,291
84,128,18,21,291
84,124,15,21,291
84,124,17,765,291
84,124,15,21,282
84,124,18,21,282
84,124,14,21,282
84,120,12,21,282
84,120,16,21,274
84,120,17,21,274
84,120,15,21,273
84,120,17,21,273
84,116,19,21,275
84,116,18,765,275
84,116,16,21,266
84,116,18,21,266
84,116,19,21,265
84,112,18,20,265
84,112,18,20,258
84,112,20,20,258
84,112,17,20,259
84,112,14,20,259
84,108,20,20,258
84,108,17,765,258
84,108,17,20,251
84,108,18,20,251
84,108,16,20,251
84,104,22,20,251
84,104,18,20,246
84,104,17,20,246
84,104,17,20,246
84,104,16,20,246
84,100,16,20,246
84,100,18,765,246
84,100,17,20,238
84,100,13,20,238
84,100,16,20,238
84,96,17,20,238
84,96,17,20,232
84,96,17,20,232
84,96,15,20,233
84,96,16,20,233
84,92,14,20,232
84,92,13,765,232
84,92,16,20,227
84,92,17,20,227
84,92,18,20,228
84,88,17,20,228
84,88,17,20,222
84,88,19,20,222
84,88,16,20,223
84,88,16,20,223
84,84,17,20,223
84,84,18,765,223
84,84,16,20,218
84,84,18,20,218
84,84,17,20,219
84,80,15,20,219
84,80,19,20,216
84,80,16,20,216
84,80,17,20,215
84,80,18,20,215
84,76,13,20,215
84,76,18,765,215
84,76,17,20,213
84,76,17,20,213
84,76,16,20,214
84,72,15,20,214
84,72,15,20,214
84,72,19,36,213
84,72,19,20,213
84,72,17,20,212
84,68,14,21,212
84,68,15,21,215
84,68,17,21,215
84,68,18,21,214
84,68,18,21,214
84,64,14,22,214
84,64,16,765,214
84,64,19,22,219
84,64,16,22,219
84,64,15,22,218
84,60,19,21,218
84,60,19,21,222
84,60,16,21,222
84,60,18,21,221
84,60,17,21,221
84,56,18,20,223
84,56,18,765,223
84,56,16,20,228
84,56,19,20,228
84,56,18,20,229
84,52,16,22,229
84,52,15,22,234
84,52,17,22,234
84,52,17,22,233
84,52,17,22,233
84,48,13,24,234
84,48,15,765,234
84,48,17,24,242
84,48,17,24,242
84,48,18,24,241
84,44,18,34,241
84,44,16,34,250
84,44,17,34,250
84,44,18,34,251
84,44,16,34,251
84,40,19,23,250
84,40,17,765,250
84,40,16,23,258
84,40,18,23,258
84,40,13,23,258
84,36,17,32,258
84,36,15,32,265
84,36,15,32,265
84,36,16,32,267
84,36,16,32,267
84,32,16,24,266
84,32,16,20,266
84,32,16,24,274
84,32,16,24,274
84,32,16,24,273
84,28,13,24,273
84,28,15,24,283
84,28,16,24,283
84,28,16,24,283
84,28,15,24,283
84,24,18,32,286
84,24,14,765,286
84,24,17,32,291
84,24,16,32,291
84,24,15,32,293
84,20,17,24,293
84,20,14,24,302
84,20,13,24,302
84,20,18,24,303
84,20,18,24,303
84,16,19,26,303
84,16,15,765,303
84,16,16,26,312
84,16,15,26,312
84,16,17,26,312
84,12,16,22,312
84,12,18,22,324
84,12,16,22,324
84,12,16,22,323
84,12,21,22,323
84,8,18,25,324
84,8,17,765,324
84,8,18,25,335
84,8,19,25,335
84,8,17,25,333
84,4,17,23,333
84,4,19,23,342
84,4,19,23,342
84,4,22,23,345
84,4,19,23,345
84,0,18,24,345
84,0,20,765,345
84,0,19,24,351
84,0,18,24,351
84,0,20,24,352
88,0,19,23,352
88,0,18,23,351
88,0,21,23,351
88,0,20,23,351
88,0,18,23,351
88,4,19,24,352
88,4,19,765,352
88,4,16,24,343
88,4,19,24,343
88,4,18,24,344
88,8,14,23,344
88,8,20,23,333
88,8,18,23,333
88,8,18,23,334
88,8,21,23,334
88,12,19,22,334
88,12,15,765,334
88,12,19,22,334
88,12,15,22,323
88,12,17,765,323
88,16,17,24,322
88,16,17,765,322
88,16,20,24,313
88,16,16,24,313
88,16,19,24,312
88,20,16,25,312
88,20,17,25,301
88,20,17,25,301
88,20,18,25,303
88,20,19,25,303
88,24,18,33,302
88,24,15,765,302
88,24,14,33,290
88,24,18,33,290
88,24,17,33,292
88,28,17,22,292
88,28,17,22,283
88,28,18,22,283
88,28,16,22,282
88,28,16,22,282
88,32,16,33,284
88,32,16,21,284
88,32,16,33,275
88,32,19,33,275
88,32,17,33,274
88,36,18,31,274
88,36,14,31,265
88,36,17,31,265
88,36,16,31,265
88,36,17,31,265
88,40,17,34,265
88,40,16,765,265
88,40,17,34,257
88,40,16,34,257
88,40,15,34,256
88,44,17,22,256
88,44,16,22,246
88,44,14,22,246
88,44,14,22,249
88,44,16,22,249
88,48,18,23,250
88,48,17,765,250
88,48,15,23,241
88,48,15,23,241
88,48,16,23,241
88,52,17,25,241
88,52,16,25,234
88,52,15,25,234
88,52,14,25,234
88,52,15,25,234
88,56,17,22,235
88,56,17,765,235
88,56,17,22,226
88,56,17,22,226
88,56,19,22,228
88,60,17,21,228
88,60,17,21,224
88,60,18,21,224
88,60,12,21,223
88,60,15,21,223
88,64,14,20,221
88,64,18,36,221
88,64,17,20,220
88,64,17,20,220
88,64,16,20,219
88,68,15,20,219
88,68,16,20,217
88,68,14,20,217
88,68,15,20,217
88,68,17,20,217
88,72,16,20,216
88,72,16,765,216
88,72,17,20,216
88,72,17,20,216
88,72,16,20,216
88,76,17,20,216
88,76,17,20,216
88,76,18,20,216
88,76,15,20,216
88,76,17,20,216
88,80,18,20,216
88,80,18,765,216
88,80,19,20,218
88,80,18,20,218
88,80,14,20,218
88,84,17,20,218
88,84,15,20,222
88,84,16,20,222
88,84,16,20,222
88,84,17,20,222
88,88,14,20,220
88,88,19,765,220
88,88,17,20,225
88,88,16,20,225
88,88,18,20,225
88,92,18,20,225
88,92,17,20,231
88,92,14,20,231
88,92,17,20,229
88,92,18,20,229
88,96,17,20,231
88,96,18,765,231
88,96,16,20,236
88,96,18,20,236
88,96,18,20,235
88,100,18,20,235
88,100,17,20,243
88,100,17,20,243
88,100,17,20,241
88,100,16,20,241
88,104,15,20,242
88,104,18,765,242
88,104,15,20,249
88,104,19,20,249
88,104,19,20,249
88,108,15,20,249
88,108,19,20,255
88,108,16,20,255
88,108,17,20,255
88,108,14,20,255
88,112,17,20,256
88,112,14,765,256
88,112,18,20,261
88,112,17,20,261
88,112,15,20,263
88,116,18,20,263
88,116,17,20,269
88,116,18,20,269
88,116,18,20,268
88,116,15,20,268
88,120,18,20,269
88,120,19,765,269
88,120,15,20,276
88,120,14,20,276
88,120,15,20,278
88,124,15,20,278
88,124,16,20,285
88,124,19,20,285
88,124,17,20,286
88,124,18,20,286
88,128,17,20,284
88,128,18,22,284
88,128,17,20,294
88,128,19,20,294
88,128,16,20,293
88,132,19,20,293
88,132,18,20,303
88,132,21,20,303
88,132,15,20,304
88,132,17,20,304
88,136,18,20,303
88,136,18,765,303
88,136,17,20,312
88,136,15,20,312
88,136,19,20,313
88,140,17,20,313
88,140,17,20,325
88,140,16,20,325
88,140,18,20,324
88,140,17,20,324
88,144,15,20,327
88,144,16,765,327
88,144,14,20,337
88,144,17,20,337
88,144,18,20,335
88,148,16,21,335
88,148,16,21,345
88,148,16,21,345
88,148,15,21,348
88,148,16,21,348
88,152,17,22,347
88,152,15,765,347
88,152,17,22,356
88,152,14,22,356
88,152,13,22,357
88,156,17,32,357
88,156,12,32,363
88,156,16,32,363
88,156,17,32,362
88,156,14,32,362
88,160,16,32,361
88,160,15,765,361
88,160,15,32,366
88,160,18,32,366
88,160,15,32,365
92,160,14,32,365
92,160,14,32,367
92,160,14,32,367
92,160,14,32,368
92,160,16,32,368
92,156,17,32,367
92,156,16,765,367
92,156,12,32,363
92,156,15,32,363
92,156,15,32,362
92,152,16,21,362
92,152,14,21,355
92,152,17,22,355
92,152,15,21,356
92,152,17,22,356
92,148,15,21,355
92,148,19,765,355
92,148,18,21,344
92,148,15,21,344
92,148,17,21,346
92,144,15,20,346
92,144,17,20,335
92,144,16,20,335
92,144,17,20,335
92,144,17,20,335
92,140,16,20,334
92,140,16,765,334
92,140,16,20,323
92,140,16,20,323
92,140,17,20,322
92,136,15,20,322
92,136,13,20,312
92,136,16,20,312
92,136,13,20,312
92,136,18,20,312
92,132,17,20,314
92,132,17,765,314
92,132,17,20,300
92,132,16,20,300
92,132,14,20,303
92,128,16,20,303
92,128,16,20,291
92,128,17,20,291
92,128,15,20,293
92,128,15,20,293
92,124,15,20,292
92,124,14,765,292
92,124,17,20,281
92,124,17,20,281
92,124,17,20,282
92,120,17,20,282
92,120,16,20,274
92,120,16,20,274
92,120,18,20,276
92,120,18,20,276
92,116,18,20,275
92,116,16,765,275
92,116,16,20,266
92,116,17,20,266
92,116,19,20,268
92,112,18,20,268
92,112,21,20,258
92,112,18,20,258
92,112,18,20,260
92,112,17,20,260
92,108,16,20,258
92,108,14,765,258
92,108,16,20,253
92,108,18,20,253
92,108,17,20,253
92,104,19,20,253
92,104,18,20,246
92,104,17,20,246
92,104,18,20,246
92,104,19,20,246
92,100,16,20,246
92,100,19,765,246
92,100,18,20,239
92,100,18,20,239
92,100,17,20,240
92,96,18,20,240
92,96,15,20,232
92,96,18,20,232
92,96,16,20,232
92,96,19,20,232
92,92,16,20,234
92,92,17,765,234
92,92,15,20,227
92,92,18,20,227
92,92,18,20,228
92,88,18,20,228
92,88,15,20,222
92,88,19,20,222
92,88,19,20,223
92,88,15,20,223
92,84,15,20,224
92,84,17,765,224
92,84,16,20,219
92,84,13,20,219
92,84,18,20,219
92,80,17,20,219
92,80,17,20,217
92,80,16,20,217
92,80,19,20,216
92,80,18,20,216
92,76,16,20,216
92,76,18,36,216
92,76,18,20,215
92,76,17,20,215
92,76,21,20,215
92,72,18,21,215
92,72,19,21,214
92,72,17,21,214
92,72,19,21,215
92,72,16,21,215
92,68,18,21,215
92,68,19,765,215
92,68,16,21,215
92,68,17,21,215
92,68,19,21,216
92,64,17,20,216
92,64,16,20,219
92,64,16,20,219
92,64,19,20,219
92,64,18,20,219
92,60,20,20,219
92,60,18,765,219
92,60,16,20,224
92,60,17,20,224
92,60,17,20,225
92,56,16,21,225
92,56,21,21,230
92,56,16,21,230
92,56,17,21,228
92,56,18,21,228
92,52,17,27,228
92,52,16,765,228
92,52,16,27,234
92,52,19,27,234
92,52,17,27,235
92,48,15,24,235
92,48,13,24,242
92,48,18,24,242
92,48,17,24,242
92,48,15,24,242
92,44,17,23,242
92,44,15,765,242
92,44,16,23,250
92,44,17,23,250
92,44,16,23,249
92,40,16,23,249
92,40,14,27,258
92,40,13,23,258
92,40,15,23,256
92,40,18,23,256
92,36,16,24,257
92,36,17,765,257
92,36,17,24,264
92,36,17,24,264
92,36,15,24,266
92,32,16,27,266
92,32,16,27,274
92,32,17,27,274
92,32,14,27,274
92,32,15,27,274
92,28,16,22,275
92,28,18,20,275
92,28,17,22,283
92,28,18,22,283
92,28,16,22,285
92,24,17,32,285
92,24,17,32,295
92,24,17,32,295
92,24,15,32,293
92,24,15,32,293
92,20,14,25,293
92,20,18,765,293
92,20,14,25,303
92,20,18,25,303
92,20,15,25,303
92,16,18,23,303
92,16,15,23,313
92,16,17,23,313
92,16,17,23,312
92,16,15,23,312
92,12,18,22,313
92,12,18,765,313
92,12,18,22,325
92,12,17,22,325
92,12,14,22,323
92,8,20,23,323
92,8,18,23,332
92,8,16,23,332
92,8,19,23,334
92,8,18,23,334
92,4,15,31,334
92,4,19,765,334
92,4,18,31,342
92,4,20,31,342
92,4,22,31,345
92,0,20,22,345
92,0,22,22,351
92,0,18,22,351
92,0,22,22,352
92,0,17,22,352
96,0,21,22,353
96,0,18,765,353
96,0,16,22,353
96,0,15,22,353
96,0,21,22,353
96,4,17,30,353
96,4,18,30,344
96,4,19,30,344
96,4,18,30,344
96,4,16,30,344
96,8,20,23,343
96,8,16,765,343
96,8,17,23,334
96,8,16,23,334
96,8,16,23,336
96,12,14,26,336
96,12,20,26,324
96,12,17,26,324
96,12,19,26,326
96,12,17,26,326
96,16,14,22,326
96,16,18,765,326
96,16,14,22,314
96,16,18,22,314
96,16,18,22,314
96,20,18,31,314
96,20,16,31,305
96,20,16,31,305
96,20,17,31,303
96,20,17,31,303
96,24,14,30,303
96,24,13,765,303
96,24,17,30,294
96,24,17,30,294
96,24,17,30,294
96,28,16,23,294
96,28,17,23,283
96,28,21,23,283
96,28,18,23,283
96,28,16,23,283
96,32,17,30,284
96,32,14,765,284
96,32,16,30,275
96,32,15,30,275
96,32,16,30,275
96,36,17,24,275
96,36,15,24,267
96,36,15,24,267
96,36,15,24,267
96,36,17,24,267
96,40,15,34,265
96,40,16,765,265
96,40,14,34,259
96,40,16,34,259
96,40,12,34,258
96,44,16,22,258
96,44,13,22,249
96,44,19,22,249
96,44,17,22,251
96,44,16,22,251
96,48,18,22,250
96,48,16,765,250
96,48,18,22,245
96,48,18,22,245
96,48,17,22,244
96,52,14,22,244
96,52,16,22,237
96,52,17,22,237
96,52,16,22,237
96,52,17,22,237
96,56,18,26,238
96,56,16,765,238
96,56,14,24,233
96,56,13,27,233
96,56,18,24,232
96,60,16,24,232
96,60,14,24,227
96,60,18,24,227
96,60,15,24,227
96,60,17,24,227
96,64,18,21,227
96,64,17,765,227
96,64,18,21,223
96,64,15,21,223
96,64,17,21,223
96,68,17,20,223
96,68,15,20,220
96,68,18,20,220
96,68,15,20,221
96,68,20,20,221
96,72,16,20,221
96,72,16,765,221
96,72,16,20,220
96,72,18,20,220
96,72,15,20,220
96,76,18,20,220
96,76,16,20,220
96,76,18,20,220
96,76,16,20,220
96,76,18,20,220
96,80,19,20,219
96,80,16,765,219
96,80,14,20,223
96,80,18,20,223
96,80,17,20,224
96,84,16,20,224
96,84,16,20,223
96,84,17,20,223
96,84,19,20,225
96,84,19,20,225
96,88,21,21,225
96,88,20,765,225
96,88,18,21,228
96,88,17,21,228
96,88,21,21,230
96,92,17,21,230
96,92,16,21,232
96,92,19,20,232
96,92,16,21,233
96,92,16,21,233
96,96,18,20,233
96,96,16,765,233
96,96,17,20,238
96,96,17,20,238
96,96,16,20,239
96,100,17,20,239
96,100,16,20,243
96,100,17,20,243
96,100,16,20,245
96,100,17,20,245
96,104,18,20,245
96,104,18,765,245
96,104,16,20,245
96,104,17,20,251
96,104,17,765,251
96,108,16,20,252
96,108,18,765,252
96,108,18,20,256
96,108,17,20,256
96,108,18,20,258
96,112,18,21,258
96,112,17,21,264
96,112,18,21,264
96,112,18,21,266
96,112,21,21,266
96,116,21,21,265
96,116,15,765,265
96,116,17,21,272
96,116,16,21,272
96,116,16,21,271
96,120,16,21,271
96,120,16,21,280
96,120,20,21,280
96,120,16,21,281
96,120,17,21,281
96,124,15,21,279
96,124,17,35,279
96,124,18,21,287
96,124,15,21,287
96,124,16,21,287
96,128,17,21,287
96,128,17,21,296
96,128,16,21,296
96,128,15,21,297
96,128,18,21,297
96,132,16,21,297
96,132,16,34,297
96,132,13,21,306
96,132,14,21,306
96,132,17,21,305
96,136,18,21,305
96,136,16,21,315
96,136,15,21,315
96,136,16,21,316
96,136,17,21,316
96,140,16,21,317
96,140,13,765,317
96,140,20,21,328
96,140,18,21,328
96,140,17,21,329
96,144,15,22,329
96,144,14,22,337
96,144,13,22,337
96,144,14,22,338
96,144,18,22,338
96,148,15,32,338
96,148,14,765,338
96,148,16,32,349
96,148,18,32,349
96,148,15,32,348
96,152,17,27,348
96,152,14,27,358
96,152,13,27,358
96,152,13,28,358
96,152,12,27,358
96,156,15,23,359
96,156,17,765,359
96,156,17,23,365
96,156,17,24,365
96,156,14,24,364
96,160,14,23,364
96,160,13,23,370
96,160,13,23,370
96,160,13,23,370
96,160,15,23,370
100,160,14,22,366
100,160,14,765,366
100,160,12,22,368
100,160,14,22,368
100,160,16,22,369
100,156,16,23,369
100,156,13,24,363
100,156,14,23,363
100,156,17,23,363
100,156,17,23,363
100,152,16,27,361
100,152,12,765,361
100,152,15,27,357
100,152,19,27,357
100,152,16,27,358
100,148,14,33,358
100,148,16,33,347
100,148,14,33,347
100,148,15,33,348
100,148,15,33,348
100,144,16,22,347
100,144,15,765,347
100,144,14,22,338
100,144,15,22,338
100,144,16,22,339
100,140,17,21,339
100,140,16,21,327
100,140,14,21,327
100,140,14,21,330
100,140,16,21,330
100,136,19,21,328
100,136,17,765,328
100,136,18,21,315
100,136,14,21,315
100,136,15,21,316
100,132,16,21,316
100,132,15,21,305
100,132,17,21,305
100,132,18,21,304
100,132,17,21,304
100,128,18,21,304
100,128,21,765,304
100,128,17,21,296
100,128,16,21,296
100,128,17,21,297
100,124,14,21,297
100,124,17,21,288
100,124,18,21,288
100,124,17,21,287
100,124,17,21,287
100,120,18,20,288
100,120,19,765,288
100,120,16,20,279
100,120,17,21,279
100,120,18,20,281
100,116,18,20,281
100,116,15,20,272
100,116,18,20,272
100,116,16,20,271
100,116,16,20,271
100,112,18,20,272
100,112,15,765,272
100,112,22,20,264
100,112,16,20,264
100,112,17,20,264
100,108,16,20,264
100,108,18,20,257
100,108,18,20,257
100,108,18,20,257
100,108,17,20,257
100,104,17,20,258
100,104,16,765,258
100,104,18,20,249
100,104,18,20,249
100,104,19,20,250
100,100,18,20,250
100,100,17,20,245
100,100,18,20,245
100,100,16,20,244
100,100,20,20,244
100,96,18,20,244
100,96,18,765,244
100,96,16,20,239
100,96,19,20,239
100,96,20,20,239
100,92,19,20,239
100,92,20,20,234
100,92,18,20,234
100,92,21,20,234
100,92,16,20,234
100,88,19,20,234
100,88,18,765,234
100,88,17,20,227
100,88,15,20,227
100,88,17,20,229
100,84,17,21,229
100,84,15,21,225
100,84,18,21,225
100,84,18,21,225
100,84,19,21,225
100,80,21,21,227
100,80,19,765,227
100,80,17,21,225
100,80,16,21,225
100,80,19,21,225
100,76,17,21,225
100,76,20,21,223
100,76,17,21,223
100,76,17,21,223
100,76,18,21,223
100,72,20,20,223
100,72,18,765,223
100,72,17,20,223
100,72,17,20,223
100,72,18,20,223
100,68,18,20,223
100,68,22,20,222
100,68,20,20,222
100,68,18,20,223
100,68,19,20,223
100,64,16,21,225
100,64,12,765,225
100,64,17,21,227
100,64,17,21,227
100,64,18,21,227
100,60,17,22,227
100,60,17,22,230
100,60,15,22,230
100,60,17,22,230
100,60,18,22,230
100,56,17,34,231
100,56,18,765,231
100,56,16,34,234
100,56,16,34,234
100,56,15,34,235
100,52,19,22,235
100,52,16,22,242
100,52,15,22,242
100,52,16,22,242
100,52,18,22,242
100,48,15,23,242
100,48,18,765,242
100,48,18,23,247
100,48,17,23,247
100,48,15,23,247
100,44,19,22,247
100,44,16,22,254
100,44,18,22,254
100,44,16,22,254
100,44,16,22,254
100,40,15,29,255
100,40,14,765,255
100,40,17,29,261
100,40,17,29,261
100,40,17,29,262
100,36,19,25,262
100,36,17,25,270
100,36,13,25,270
100,36,18,25,271
100,36,17,25,271
100,32,16,23,271
100,32,17,20,271
100,32,16,23,278
100,32,14,23,278
100,32,16,23,277
100,28,17,23,277
100,28,19,23,287
100,28,18,23,287
100,28,18,23,287
100,28,16,23,287
100,24,18,24,287
100,24,15,765,287
100,24,17,24,298
100,24,17,24,298
100,24,16,24,296
100,20,14,27,296
100,20,17,27,306
100,20,19,27,306
100,20,15,27,307
100,20,17,27,307
100,16,15,22,305
100,16,16,765,305
100,16,15,22,316
100,16,14,22,316
100,16,16,22,317
100,12,18,24,317
100,12,20,24,327
100,12,16,24,327
100,12,17,24,328
100,12,18,24,328
100,8,15,22,326
100,8,21,765,326
100,8,17,22,335
100,8,18,22,335
100,8,16,22,338
100,4,19,25,338
100,4,22,25,346
100,4,17,25,346
100,4,13,24,346
100,4,16,25,346
100,0,17,22,345
100,0,21,765,345
100,0,20,22,355
100,0,18,22,355
100,0,17,22,352
104,0,16,24,352
104,0,21,24,356
104,0,16,24,356
104,0,19,24,356
104,0,20,24,356
104,4,17,30,354
104,4,19,765,354
104,4,19,30,349
104,4,18,30,349
104,4,18,30,347
104,8,19,23,347
104,8,20,23,336
104,8,17,23,336
104,8,18,23,338
104,8,17,23,338
104,12,17,23,338
104,12,19,765,338
104,12,17,23,330
104,12,16,23,330
104,12,17,23,329
104,16,17,30,329
104,16,17,30,318
104,16,18,30,318
104,16,17,30,317
104,16,16,30,317
104,20,18,25,319
104,20,16,765,319
104,20,16,25,308
104,20,17,25,308
104,20,19,25,309
104,24,17,23,309
104,24,16,23,299
104,24,17,23,299
104,24,15,23,299
104,24,19,23,299
104,28,17,26,300
104,28,17,765,300
104,28,18,26,289
104,28,17,26,289
104,28,15,26,289
104,32,18,23,289
104,32,15,23,279
104,32,14,23,279
104,32,16,23,280
104,32,17,23,280
104,36,15,32,281
104,36,14,765,281
104,36,16,32,273
104,36,18,32,273
104,36,17,32,273
104,40,16,23,273
104,40,14,23,263
104,40,17,23,263
104,40,15,23,264
104,40,15,23,264
104,44,16,33,265
104,44,16,765,265
104,44,16,33,257
104,44,16,33,257
104,44,13,33,256
104,48,19,24,256
104,48,17,24,250
104,48,17,24,250
104,48,14,24,251
104,48,14,24,251
104,52,17,21,252
104,52,16,20,252
104,52,22,21,244
104,52,17,21,244
104,52,17,21,246
104,56,16,21,246
104,56,17,21,240
104,56,18,21,240
104,56,13,21,239
104,56,13,21,239
104,60,14,22,240
104,60,15,765,240
104,60,16,22,236
104,60,14,22,236
104,60,15,22,236
104,64,17,33,236
104,64,18,33,233
104,64,15,33,233
104,64,16,33,233
104,64,16,33,233
104,68,19,22,232
104,68,16,765,232
104,68,18,22,229
104,68,19,22,229
104,68,19,22,231
104,72,17,21,231
104,72,17,21,229
104,72,17,21,229
104,72,15,21,229
104,72,16,21,229
104,76,17,20,229
104,76,15,765,229
104,76,16,20,229
104,76,16,20,229
104,76,16,20,230
104,80,19,20,230
104,80,17,20,232
104,80,17,20,232
104,80,17,20,231
104,80,19,20,231
104,84,19,20,231
104,84,17,765,231
104,84,18,20,233
104,84,19,20,233
104,84,18,20,234
104,88,16,20,234
104,88,20,20,236
104,88,17,20,236
104,88,16,20,237
104,88,22,20,237
104,92,15,20,237
104,92,16,765,237
104,92,18,20,240
104,92,16,20,240
104,92,17,20,241
104,96,19,20,241
104,96,16,20,244
104,96,19,20,244
104,96,16,20,246
104,96,15,20,246
104,100,20,21,247
104,100,16,765,247
104,100,19,21,251
104,100,16,21,251
104,100,15,21,252
104,104,20,21,252
104,104,16,21,259
104,104,17,21,259
104,104,20,21,256
104,104,18,21,256
104,108,16,21,258
104,108,14,765,258
104,108,16,21,264
104,108,17,21,264
104,108,17,21,264
104,112,17,22,264
104,112,18,765,264
104,112,17,22,270
104,112,16,23,270
104,112,17,23,270
104,116,17,33,270
104,116,17,33,278
104,116,16,33,278
104,116,16,33,279
104,116,17,33,279
104,120,17,33,278
104,120,17,765,278
104,120,18,33,285
104,120,18,33,285
104,120,20,33,286
104,124,16,33,286
104,124,16,33,294
104,124,17,33,294
104,124,18,33,295
104,124,20,33,295
104,128,18,24,293
104,128,21,765,293
104,128,17,24,302
104,128,17,24,302
104,128,16,24,303
104,132,13,23,303
104,132,15,23,313
104,132,17,23,313
104,132,17,23,313
104,132,12,23,313
104,136,16,33,313
104,136,15,765,313
104,136,19,24,324
104,136,16,27,324
104,136,17,32,324
104,140,16,32,324
104,140,17,32,333
104,140,19,32,333
104,140,16,32,332
104,140,14,32,332
104,144,14,23,332
104,144,16,765,332
104,144,15,23,341
104,144,15,23,341
104,144,16,23,345
104,148,20,22,345
104,148,14,22,352
104,148,14,22,352
104,148,14,22,352
104,148,14,22,352
104,152,16,21,353
104,152,14,765,353
104,152,16,21,362
104,152,17,21,362
104,152,14,21,362
104,156,16,21,362
104,156,14,21,366
104,156,13,21,366
104,156,15,21,367
104,156,15,21,367
104,160,14,21,366
104,160,12,765,366
104,160,18,21,370
104,160,14,21,370
104,160,14,21,369
108,160,12,21,369
108,160,17,21,367
108,160,18,21,367
108,160,16,21,369
108,160,12,21,369
108,156,16,21,371
108,156,17,765,371
108,156,16,21,367
108,156,16,21,367
108,156,18,21,367
108,152,18,21,367
108,152,17,21,360
108,152,16,21,360
108,152,17,21,361
108,152,19,21,361
108,148,16,22,359
108,148,13,765,359
108,148,18,22,353
108,148,18,22,353
108,148,18,22,354
108,144,13,23,354
108,144,18,23,344
108,144,19,23,344
108,144,16,23,345
108,144,15,23,345
108,140,16,27,344
108,140,18,765,344
108,140,20,27,333
108,140,16,27,333
108,140,13,27,335
108,136,16,27,335
108,136,17,27,324
108,136,17,27,324
108,136,17,27,324
108,136,16,27,324
108,132,18,30,326
108,132,18,765,326
108,132,16,30,316
108,132,18,30,316
108,132,17,24,315
108,128,15,33,315
108,128,14,33,305
108,128,18,33,305
108,128,19,33,305
108,128,17,33,305
108,124,17,33,305
108,124,16,765,305
108,124,16,33,298
108,124,15,33,298
108,124,17,33,295
108,120,17,33,295
108,120,18,33,288
108,120,18,33,288
108,120,17,33,289
108,120,15,33,289
108,116,18,33,289
108,116,16,765,289
108,116,17,33,279
108,116,17,33,279
108,116,18,33,280
108,112,17,33,280
108,112,19,33,273
108,112,16,33,273
108,112,15,33,273
108,112,17,33,273
108,108,18,33,274
108,108,14,765,274
108,108,18,33,267
108,108,19,33,267
108,108,17,33,265
108,104,18,22,265
108,104,17,22,259
108,104,18,22,259
108,104,19,22,259
108,104,14,22,259
108,100,17,22,260
108,100,15,765,260
108,100,19,22,252
108,100,18,22,252
108,100,19,22,254
108,96,15,22,254
108,96,15,21,247
108,96,17,21,247
108,96,19,21,247
108,96,19,21,247
108,92,15,21,248
108,92,17,765,248
108,92,17,21,243
108,92,16,21,243
108,92,16,21,242
108,88,18,20,242
108,88,18,21,239
108,88,17,21,239
108,88,18,21,239
108,88,14,21,239
108,84,16,20,238
108,84,15,765,238
108,84,15,20,235
108,84,16,20,235
108,84,15,20,237
108,80,15,20,237
108,80,15,20,235
108,80,15,20,235
108,80,17,20,236
108,80,18,20,236
108,76,15,20,235
108,76,15,765,235
108,76,17,20,231
108,76,18,20,231
108,76,14,20,231
108,72,18,20,233
108,72,16,765,233
108,72,18,20,233
108,72,19,20,233
108,72,18,20,232
108,68,18,21,232
108,68,16,21,234
108,68,19,21,234
108,68,18,21,236
108,68,15,21,236
108,64,16,33,235
108,64,17,765,235
108,64,16,33,237
108,64,18,33,237
108,64,18,33,238
108,60,17,34,238
108,60,17,34,242
108,60,18,34,242
108,60,18,34,241
108,60,14,34,241
108,56,17,22,240
108,56,15,765,240
108,56,18,23,245
108,56,14,23,245
108,56,16,23,244
108,52,17,22,244
108,52,19,22,249
108,52,18,22,249
108,52,16,22,251
108,52,15,22,251
108,48,17,22,250
108,48,17,765,250
108,48,16,22,255
108,48,16,22,255
108,48,16,22,255
108,44,17,33,255
108,44,15,33,263
108,44,17,33,263
108,44,17,33,263
108,44,17,33,263
108,40,18,24,264
108,40,17,765,264
108,40,14,24,270
108,40,17,24,270
108,40,19,24,270
108,36,15,33,270
108,36,17,33,276
108,36,17,33,276
108,36,13,33,276
108,36,16,33,276
108,32,16,22,277
108,32,17,20,277
108,32,16,22,284
108,32,15,22,284
108,32,17,22,285
108,28,17,31,285
108,28,16,31,293
108,28,15,31,293
108,28,15,31,293
108,28,15,31,293
108,24,14,23,293
108,24,15,765,293
108,24,14,23,302
108,24,16,23,302
108,24,19,23,305
108,20,19,26,305
108,20,18,26,312
108,20,18,26,312
108,20,19,26,314
108,20,17,26,314
108,16,15,24,313
108,16,18,765,313
108,16,19,24,322
108,16,18,24,322
108,16,16,24,324
108,12,18,22,324
108,12,16,22,334
108,12,17,22,334
108,12,16,22,332
108,12,17,22,332
108,8,19,23,333
108,8,16,765,333
108,8,17,23,341
108,8,18,23,341
108,8,19,23,342
108,4,17,23,342
108,4,16,23,351
108,4,17,23,351
108,4,16,23,349
108,4,19,23,349
108,0,17,24,351
108,0,19,765,351
108,0,17,23,357
108,0,19,23,357
108,0,16,23,357
112,0,21,24,357
112,0,17,24,359
112,0,17,24,359
112,0,19,24,362
112,0,19,24,362
112,4,17,24,360
112,4,18,765,360
112,4,19,24,352
112,4,19,24,352
112,4,19,24,353
112,8,17,24,353
112,8,15,24,345
112,8,20,24,345
112,8,16,24,344
112,8,18,24,344
112,12,16,22,347
112,12,16,765,347
112,12,19,22,337
112,12,14,22,337
112,12,20,22,335
112,16,17,24,335
112,16,22,24,327
112,16,16,24,327
112,16,16,24,328
112,16,19,24,328
112,20,18,23,326
112,20,17,765,326
112,20,15,23,318
112,20,17,23,318
112,20,19,23,318
112,24,17,26,318
112,24,16,26,308
112,24,17,26,308
112,24,13,26,307
112,24,16,26,307
112,28,18,22,307
112,28,16,20,307
112,28,15,22,299
112,28,17,22,299
112,28,19,22,300
112,32,17,34,300
112,32,17,34,290
112,32,17,34,290
112,32,16,34,288
112,32,16,34,288
112,36,14,26,290
112,36,16,21,290
112,36,14,26,280
112,36,15,26,280
112,36,17,27,281
112,40,17,22,281
112,40,16,22,274
112,40,11,22,274
112,40,15,22,275
112,40,16,22,275
112,44,17,23,272
112,44,16,765,272
112,44,14,23,266
112,44,17,23,266
112,44,12,23,267
112,48,17,23,267
112,48,17,23,261
112,48,17,23,261
112,48,18,23,263
112,48,18,23,263
112,52,21,34,261
112,52,14,765,261
112,52,16,34,256
112,52,17,34,256
112,52,16,34,257
112,56,17,24,257
112,56,17,24,251
112,56,17,24,251
112,56,15,24,252
112,56,16,24,252
112,60,18,22,252
112,60,18,765,252
112,60,16,22,247
112,60,16,22,247
112,60,18,22,247
112,64,14,21,247
112,64,19,765,247
112,64,15,21,244
112,64,18,21,244
112,64,17,21,243
112,68,17,21,243
112,68,19,21,243
112,68,17,21,243
112,68,16,21,242
112,68,15,21,242
112,72,19,22,243
112,72,18,765,243
112,72,17,22,242
112,72,14,22,242
112,72,17,22,243
112,76,18,22,243
112,76,16,22,242
112,76,17,22,242
112,76,17,22,241
112,76,16,22,241
112,80,15,22,242
112,80,16,765,242
112,80,18,22,244
112,80,18,22,244
112,80,17,22,244
112,84,17,21,244
112,84,14,21,245
112,84,17,21,245
112,84,17,21,246
112,84,19,21,246
112,88,16,21,246
112,88,16,765,246
112,88,15,21,248
112,88,17,21,248
112,88,17,21,248
112,92,17,20,248
112,92,15,20,251
112,92,19,20,251
112,92,17,20,252
112,92,18,20,252
112,96,19,20,251
112,96,18,765,251
112,96,17,20,255
112,96,15,20,255
112,96,15,20,256
112,100,19,20,256
112,100,18,20,261
112,100,16,20,261
112,100,15,20,262
112,100,17,20,262
112,104,17,20,261
112,104,16,765,261
112,104,16,20,268
112,104,17,20,268
112,104,16,20,267
112,108,17,20,267
112,108,17,20,272
112,108,17,20,272
112,108,14,20,274
112,108,17,20,274
112,112,18,21,273
112,112,16,765,273
112,112,14,21,281
112,112,16,21,281
112,112,15,21,280
112,116,16,22,280
112,116,17,22,288
112,116,18,22,288
112,116,15,22,288
112,116,16,22,288
112,120,15,22,288
112,120,18,765,288
112,120,18,22,296
112,120,16,22,296
112,120,16,22,295
112,124,16,21,295
112,124,17,22,304
112,124,17,22,304
112,124,16,22,304
112,124,18,22,304
112,128,17,21,305
112,128,17,765,305
112,128,19,21,315
112,128,17,21,315
112,128,15,21,313
112,132,16,21,313
112,132,16,21,322
112,132,16,21,322
112,132,18,21,324
112,132,18,21,324
112,136,13,21,324
112,136,16,765,324
112,136,16,21,330
112,136,18,21,330
112,136,16,21,336
112,140,18,21,336
112,140,18,21,342
112,140,15,21,342
112,140,16,21,342
112,140,15,21,342
112,144,17,21,341
112,144,15,765,341
112,144,15,21,349
112,144,16,21,349
112,144,13,21,349
112,148,16,21,349
112,148,15,21,357
112,148,19,21,357
112,148,14,21,357
112,148,15,21,357
112,152,17,22,358
112,152,17,765,358
112,152,16,22,366
112,152,17,22,366
112,152,16,22,364
112,156,17,32,364
112,156,12,32,369
112,156,14,32,369
112,156,13,32,371
112,156,15,32,371
112,160,17,30,369
112,160,16,765,369
112,160,15,30,376
112,160,14,30,376
112,160,16,30,378
116,160,14,28,378
116,160,15,28,373
116,160,14,28,373
116,160,16,28,373
116,160,16,28,373
116,156,18,32,374
116,156,15,765,374
116,156,15,32,371
116,156,17,32,371
116,156,13,32,373
116,152,16,32,373
116,152,17,32,367
116,152,15,32,367
116,152,17,32,368
116,152,15,32,368
116,148,16,22,368
116,148,14,765,368
116,148,18,22,361
116,148,14,22,361
116,148,17,22,363
116,144,15,21,363
116,144,16,21,351
116,144,14,21,351
116,144,18,21,351
116,144,17,21,351
116,140,17,21,353
116,140,16,765,353
116,140,16,21,341
116,140,18,21,341
116,140,14,21,344
116,136,16,22,344
116,136,16,22,335
116,136,16,22,335
116,136,16,22,334
116,136,15,22,334
116,132,17,22,333
116,132,16,765,333
116,132,19,22,326
116,132,15,22,326
116,132,15,22,327
116,128,20,22,327
116,128,18,22,318
116,128,14,22,318
116,128,17,22,317
116,128,16,22,317
116,124,15,22,319
116,124,17,765,319
116,124,16,22,310
116,124,16,22,310
116,124,17,22,309
116,120,16,22,309
116,120,18,22,300
116,120,15,22,300
116,120,16,22,301
116,120,17,22,301
116,116,18,22,302
116,116,16,765,302
116,116,15,22,291
116,116,17,22,291
116,116,18,22,291
116,112,17,22,291
116,112,18,22,283
116,112,19,22,283
116,112,19,22,285
116,112,20,22,285
116,108,18,21,284
116,108,19,765,284
116,108,13,21,278
116,108,18,21,278
116,108,18,21,278
116,104,17,20,278
116,104,18,20,270
116,104,18,20,270
116,104,15,20,271
116,104,17,20,271
116,100,17,20,271
116,100,18,765,271
116,100,18,20,263
116,100,17,20,263
116,100,19,20,265
116,96,17,20,265
116,96,18,20,260
116,96,18,20,260
116,96,17,20,260
116,96,18,20,260
116,92,19,20,260
116,92,18,765,260
116,92,20,20,254
116,92,18,20,254
116,92,16,20,256
116,88,18,20,256
116,88,18,20,250
116,88,17,20,250
116,88,16,20,252
116,88,18,20,252
116,84,19,21,251
116,84,19,765,251
116,84,17,21,250
116,84,17,21,250
116,84,17,21,248
116,80,19,21,248
116,80,17,21,247
116,80,19,21,247
116,80,15,21,248
116,80,16,21,248
116,76,19,22,247
116,76,18,765,247
116,76,15,22,244
116,76,15,22,244
116,76,15,22,247
116,72,17,23,247
116,72,18,23,247
116,72,14,23,247
116,72,16,23,247
116,72,17,23,247
116,68,18,24,246
116,68,18,765,246
116,68,19,24,248
116,68,14,24,248
116,68,17,24,248
116,64,17,22,248
116,64,16,22,251
116,64,17,22,251
116,64,17,22,251
116,64,15,22,251
116,60,18,32,250
116,60,16,765,250
116,60,14,32,254
116,60,16,32,254
116,60,17,32,255
116,56,16,22,255
116,56,18,22,256
116,56,16,22,256
116,56,17,22,256
116,56,16,22,256
116,52,14,26,258
116,52,16,765,258
116,52,18,26,261
116,52,17,26,261
116,52,16,26,262
116,48,18,33,262
116,48,17,33,267
116,48,17,33,267
116,48,17,33,269
116,48,15,33,269
116,44,14,22,267
116,44,16,765,267
116,44,16,22,276
116,44,13,22,276
116,44,15,22,275
116,40,14,23,275
116,40,16,23,281
116,40,11,23,281
116,40,18,23,281
116,40,17,23,281
116,36,16,24,281
116,36,18,765,281
116,36,16,24,289
116,36,17,24,289
116,36,16,24,289
116,32,18,26,289
116,32,15,26,297
116,32,17,26,297
116,32,16,26,297
116,32,16,26,297
116,28,19,22,299
116,28,16,20,299
116,28,15,22,304
116,28,15,22,304
116,28,16,22,305
116,24,15,32,305
116,24,17,32,313
116,24,17,32,313
116,24,17,32,313
116,24,17,32,313
116,20,17,33,313
116,20,17,765,313
116,20,18,33,323
116,20,19,33,323
116,20,12,33,323
116,16,14,24,323
116,16,20,24,332
116,16,16,24,332
116,16,16,24,332
116,16,18,24,332
116,12,18,22,333
116,12,17,765,333
116,12,16,22,340
116,12,17,22,340
116,12,19,22,341
116,8,16,24,341
116,8,17,24,350
116,8,16,24,350
116,8,18,24,350
116,8,21,24,350
116,4,17,25,348
116,4,21,765,348
116,4,17,25,355
116,4,19,25,355
116,4,20,25,356
116,0,17,23,356
116,0,17,23,362
116,0,24,23,362
116,0,20,23,365
116,0,16,23,365
120,0,18,22,363
120,0,19,765,363
120,0,17,22,366
120,0,18,22,366
120,0,16,22,366
120,4,18,24,366
120,4,18,24,359
120,4,18,24,359
120,4,18,24,360
120,4,17,24,360
120,8,16,22,361
120,8,17,765,361
120,8,20,22,354
120,8,17,22,354
120,8,17,22,353
120,12,19,23,353
120,12,18,23,353
120,12,17,23,346
120,12,14,23,346
120,12,17,23,346
120,16,21,22,346
120,16,17,22,338
120,16,13,22,338
120,16,19,22,337
120,16,19,22,337
120,20,17,28,337
120,20,17,765,337
120,20,18,28,327
120,20,16,28,327
120,20,16,28,327
120,24,16,23,327
120,24,17,23,317
120,24,17,23,317
120,24,17,23,319
120,24,19,23,319
120,28,17,24,318
120,28,16,765,318
120,28,18,25,310
120,28,14,24,310
120,28,15,25,311
120,32,19,34,311
120,32,16,34,301
120,32,17,34,301
120,32,16,34,302
120,32,17,34,302
120,36,13,27,302
120,36,16,765,302
120,36,16,27,293
120,36,16,27,293
120,36,17,27,294
120,40,16,33,294
120,40,17,33,288
120,40,14,33,288
120,40,15,33,286
120,40,17,33,286
120,44,14,24,285
120,44,16,765,285
120,44,15,24,277
120,44,18,24,277
120,44,16,24,281
120,48,16,34,281
120,48,19,34,274
120,48,17,34,274
120,48,17,34,273
120,48,16,34,273
120,52,14,22,275
120,52,17,765,275
120,52,17,22,269
120,52,17,22,269
120,52,17,23,268
120,56,16,33,268
120,56,17,33,264
120,56,18,33,264
120,56,18,33,264
120,56,17,33,264
120,60,16,33,265
120,60,16,765,265
120,60,19,33,261
120,60,14,33,261
120,60,18,33,262
120,64,18,33,262
120,64,16,33,259
120,64,18,33,259
120,64,15,33,259
120,64,15,33,259
120,68,15,22,259
120,68,16,22,256
120,68,18,22,256
120,68,18,22,257
120,68,17,22,257
120,72,17,21,258
120,72,17,765,258
120,72,16,21,255
120,72,17,21,255
120,72,17,21,258
120,76,17,21,258
120,76,19,21,256
120,76,22,21,256
120,76,16,21,256
120,76,16,21,256
120,80,19,21,257
120,80,18,765,257
120,80,15,21,256
120,80,13,21,256
120,80,15,21,257
120,84,15,22,257
120,84,16,23,259
120,84,18,23,259
120,84,17,23,260
120,84,18,22,260
120,88,18,23,260
120,88,17,765,260
120,88,16,23,260
120,88,18,23,260
120,88,15,23,263
120,92,20,34,263
120,92,18,34,266
120,92,16,34,266
120,92,16,34,265
120,92,16,34,265
120,96,17,24,266
120,96,16,765,266
120,96,18,24,269
120,96,19,24,269
120,96,19,24,270
120,100,18,33,270
120,100,18,33,275
120,100,16,33,275
120,100,14,33,275
120,100,18,33,275
120,104,20,33,276
120,104,15,765,276
120,104,15,33,282
120,104,16,33,282
120,104,17,33,283
120,108,14,33,283
120,108,16,33,286
120,108,15,33,286
120,108,17,33,288
120,108,17,33,288
120,112,15,32,288
120,112,16,765,288
120,112,17,32,294
120,112,18,32,294
120,112,18,32,295
120,116,19,33,295
120,116,16,33,302
120,116,19,33,302
120,116,18,33,303
120,116,18,33,303
120,120,16,33,302
120,120,14,765,302
120,120,16,33,310
120,120,16,33,310
120,120,19,33,311
120,124,16,33,311
120,124,18,33,318
120,124,17,33,318
120,124,19,33,318
120,124,16,33,318
120,128,15,33,320
120,128,15,765,320
120,128,18,33,327
120,128,17,33,327
120,128,18,33,330
120,132,15,33,330
120,132,16,33,336
120,132,15,33,336
120,132,16,33,336
120,132,14,33,336
120,136,16,33,335
120,136,17,765,335
120,136,16,33,344
120,136,17,33,344
120,136,14,33,344
120,140,20,33,344
120,140,16,33,350
120,140,17,33,350
120,140,16,33,350
120,140,16,33,350
120,144,16,33,350
120,144,15,765,350
120,144,18,33,356
120,144,17,33,356
120,144,15,33,355
120,148,15,33,355
120,148,14,33,363
120,148,15,33,363
120,148,16,33,364
120,148,17,33,364
120,152,16,23,363
120,152,15,765,363
120,152,17,24,376
120,152,15,23,376
120,152,16,24,375
120,156,12,23,375
120,156,16,23,371
120,156,15,23,371
120,156,15,23,372
120,156,16,23,372
120,160,16,23,372
120,160,16,765,372
120,160,15,23,374
120,160,17,23,374
120,160,12,23,376
124,160,16,22,376
124,160,16,22,374
124,160,15,22,374
124,160,15,22,375
124,160,15,22,375
124,156,14,23,377
124,156,13,765,377
124,156,17,23,374
124,156,20,23,374
124,156,15,23,374
124,152,13,23,374
124,152,12,23,367
124,152,15,23,367
124,152,13,23,369
124,152,15,23,369
124,148,16,32,369
124,148,18,765,369
124,148,18,32,360
124,148,17,32,360
124,148,17,32,363
124,144,15,33,363
124,144,18,33,358
124,144,15,33,358
124,144,17,33,357
124,144,15,33,357
124,140,17,33,357
124,140,18,765,357
124,140,16,33,353
124,140,15,33,353
124,140,16,33,353
124,136,17,33,353
124,136,16,33,347
124,136,16,33,347
124,136,14,33,345
124,136,16,33,345
124,132,18,33,347
124,132,19,765,347
124,132,16,33,341
124,132,15,33,341
124,132,16,33,341
124,128,14,33,341
124,128,18,33,330
124,128,14,33,330
124,128,19,33,332
124,128,18,33,332
124,124,17,33,332
124,124,15,765,332
124,124,17,33,323
124,124,18,33,323
124,124,16,33,323
124,120,15,33,323
124,120,15,33,317
124,120,17,33,317
124,120,16,33,316
124,120,14,33,316
124,116,19,33,315
124,116,18,765,315
124,116,15,33,307
124,116,16,33,307
124,116,18,33,307
124,112,17,33,307
124,112,16,32,300
124,112,15,32,300
124,112,17,33,301
124,112,17,33,301
124,108,17,31,299
124,108,18,765,299
124,108,15,31,293
124,108,18,31,293
124,108,16,31,293
124,104,19,33,293
124,104,18,33,286
124,104,14,33,286
124,104,18,33,288
124,104,16,33,288
124,100,16,32,286
124,100,17,765,286
124,100,16,32,279
124,100,17,32,279
124,100,18,32,280
124,96,16,33,280
124,96,13,33,276
124,96,15,33,276
124,96,19,33,277
124,96,16,33,277
124,92,14,33,275
124,92,18,765,275
124,92,17,33,271
124,92,17,33,271
124,92,18,33,270
124,88,18,33,270
124,88,17,33,267
124,88,19,33,267
124,88,19,33,269
124,88,16,33,269
124,84,15,26,268
124,84,15,765,268
124,84,12,26,264
124,84,18,26,264
124,84,17,26,264
124,80,18,23,264
124,80,18,23,262
124,80,18,23,262
124,80,17,23,263
124,80,17,23,263
124,76,16,22,264
124,76,17,765,264
124,76,17,22,260
124,76,16,22,260
124,76,18,22,262
124,72,14,22,262
124,72,18,21,263
124,72,14,21,263
124,72,15,21,263
124,72,14,21,263
124,68,18,22,262
124,68,18,765,262
124,68,15,22,262
124,68,19,22,262
124,68,18,22,264
124,64,17,33,264
124,64,17,33,266
124,64,18,33,266
124,64,16,33,266
124,64,13,33,266
124,60,18,33,265
124,60,18,765,265
124,60,16,33,269
124,60,19,33,269
124,60,15,33,269
124,56,18,28,269
124,56,16,33,272
124,56,17,33,272
124,56,17,33,272
124,56,18,33,272
124,52,16,23,272
124,52,13,20,272
124,52,15,23,276
124,52,13,23,276
124,52,16,23,275
124,48,17,26,275
124,48,16,26,282
124,48,16,26,282
124,48,17,26,281
124,48,17,26,281
124,44,17,23,282
124,44,18,765,282
124,44,18,23,286
124,44,18,23,286
124,44,13,23,288
124,40,16,26,288
124,40,18,26,295
124,40,16,26,295
124,40,15,26,296
124,40,16,26,296
124,36,16,25,295
124,36,15,765,295
124,36,17,25,302
124,36,18,25,302
124,36,16,25,302
124,32,17,22,302
124,32,18,22,310
124,32,18,22,310
124,32,17,22,312
124,32,16,22,312
124,28,17,24,309
124,28,17,21,309
124,28,14,24,317
124,28,16,24,317
124,28,16,24,318
124,24,13,23,318
124,24,15,23,326
124,24,20,23,326
124,24,16,23,328
124,24,15,23,328
124,20,17,24,325
124,20,17,765,325
124,20,18,24,334
124,20,17,24,334
124,20,15,24,336
124,16,16,22,336
124,16,18,22,342
124,16,14,22,342
124,16,17,22,345
124,16,17,22,345
124,12,18,22,344
124,12,17,765,344
124,12,20,23,351
124,12,16,23,351
124,12,17,23,351
124,8,16,22,351
124,8,17,22,358
124,8,16,22,358
124,8,14,22,359
124,8,21,22,359
124,4,20,23,358
124,4,18,765,358
124,4,19,23,363
124,4,17,23,363
124,4,19,23,365
124,0,17,23,365
124,0,20,23,370
124,0,18,23,370
124,0,21,23,370
124,0,16,23,370
128,0,18,27,369
128,0,18,765,369
128,0,20,27,371
128,0,17,27,371
128,0,18,27,370
128,4,20,24,370
128,4,18,24,367
128,4,17,24,367
128,4,19,24,367
128,4,17,24,367
128,8,14,34,368
128,8,19,765,368
128,8,19,34,362
128,8,19,34,362
128,8,20,34,363
128,12,19,22,363
128,12,19,22,356
128,12,17,22,356
128,12,19,22,355
128,12,19,22,355
128,16,17,30,355
128,16,20,765,355
128,16,16,30,348
128,16,17,30,348
128,16,17,30,348
128,20,14,24,348
128,20,12,24,340
128,20,16,24,340
128,20,16,24,338
128,20,17,24,338
128,24,16,26,340
128,24,18,765,340
128,24,17,26,332
128,24,16,26,332
128,24,17,26,334
128,28,13,23,334
128,28,18,23,323
128,28,17,23,323
128,28,17,23,324
128,28,16,23,324
128,32,14,24,322
128,32,15,22,322
128,32,15,24,315
128,32,17,24,315
128,32,16,24,315
128,36,15,33,315
128,36,16,33,308
128,36,17,33,308
128,36,18,33,309
128,36,15,33,309
128,40,17,22,306
128,40,16,765,306
128,40,18,22,301
128,40,17,22,301
128,40,16,22,301
128,44,17,26,301
128,44,16,26,293
128,44,16,26,293
128,44,18,26,296
128,44,15,26,296
128,48,17,24,297
128,48,15,765,297
128,48,17,24,289
128,48,18,24,289
128,48,15,24,289
128,52,15,33,289
128,52,15,33,284
128,52,17,33,284
128,52,17,33,286
128,52,17,33,286
128,56,17,24,285
128,56,17,765,285
128,56,15,24,281
128,56,18,24,281
128,56,14,24,279
128,60,13,23,279
128,60,15,23,277
128,60,16,23,277
128,60,18,23,276
128,60,19,23,276
128,64,19,23,277
128,64,16,765,277
128,64,17,23,274
128,64,15,23,274
128,64,16,23,276
128,68,17,23,276
128,68,15,23,272
128,68,15,23,272
128,68,19,23,273
128,68,16,23,273
128,72,15,25,274
128,72,18,765,274
128,72,16,25,273
128,72,18,25,273
128,72,17,25,273
128,76,16,33,273
128,76,15,33,272
128,76,20,33,272
128,76,17,33,272
128,76,15,33,272
128,80,18,33,274
128,80,15,765,274
128,80,18,33,274
128,80,15,33,274
128,80,17,33,276
128,84,16,22,276
128,84,17,22,275
128,84,14,22,275
128,84,16,22,277
128,84,19,22,277
128,88,14,22,276
128,88,18,765,276
128,88,17,22,278
128,88,17,22,278
128,88,17,22,280
128,92,17,21,280
128,92,19,21,282
128,92,18,21,282
128,92,14,21,282
128,92,18,21,282
128,96,18,21,282
128,96,18,765,282
128,96,15,21,287
128,96,19,21,287
128,96,14,21,287
128,100,15,21,287
128,100,15,21,290
128,100,14,21,290
128,100,18,21,292
128,100,16,21,292
128,104,17,22,292
128,104,15,765,292
128,104,18,22,299
128,104,15,22,299
128,104,13,22,300
128,108,17,23,300
128,108,18,23,305
128,108,15,23,305
128,108,16,23,305
128,108,17,23,305
128,112,18,33,306
128,112,16,765,306
128,112,15,33,311
128,112,14,33,311
128,112,16,23,311
128,116,16,23,311
128,116,14,23,320
128,116,14,23,320
128,116,16,32,319
128,116,15,23,319
128,120,19,23,320
128,120,16,20,320
128,120,14,23,328
128,120,15,23,328
128,120,17,23,327
128,124,17,23,327
128,124,17,23,335
128,124,18,23,335
128,124,19,23,334
128,124,18,23,334
128,128,17,23,336
128,128,17,765,336
128,128,16,23,342
128,128,16,23,342
128,128,16,23,342
128,132,15,23,342
128,132,16,23,347
128,132,20,23,347
128,132,19,23,346
128,132,18,23,346
128,136,16,23,347
128,136,15,765,347
128,136,17,23,352
128,136,17,23,352
128,136,16,23,352
128,140,17,23,352
128,140,16,23,358
128,140,13,23,358
128,140,14,23,360
128,140,18,23,360
128,144,18,22,360
128,144,13,765,360
128,144,16,22,362
128,144,18,22,362
128,144,14,22,361
128,148,15,22,361
128,148,17,22,365
128,148,14,22,365
128,148,15,22,367
128,148,15,22,367
128,152,17,23,368
128,152,12,765,368
128,152,14,23,369
128,152,15,23,369
128,152,18,23,369
128,156,15,33,369
128,156,18,33,374
128,156,17,33,374
128,156,15,33,374
128,156,15,33,374
128,160,16,32,373
128,160,13,765,373
128,160,15,32,373
128,160,14,32,373
128,160,13,32,374
132,160,15,32,374
132,160,14,32,373
132,160,12,32,373
132,160,14,32,374
132,160,13,32,374
132,156,15,33,373
132,156,13,765,373
132,156,16,33,372
132,156,15,33,372
132,156,15,33,372
132,152,16,33,372
132,152,12,33,367
132,152,14,33,367
132,152,16,33,369
132,152,16,33,369
132,148,15,33,369
132,148,16,765,369
132,148,15,33,367
132,148,14,33,367
132,148,15,33,367
132,144,16,23,367
132,144,15,33,365
132,144,13,33,365
132,144,15,33,365
132,144,17,33,365
132,140,16,33,365
132,140,17,765,365
132,140,19,33,360
132,140,17,33,360
132,140,16,33,361
132,136,15,32,361
132,136,17,32,356
132,136,15,32,356
132,136,16,32,356
132,136,17,32,356
132,132,16,33,353
132,132,17,765,353
132,132,14,33,350
132,132,17,33,350
132,132,17,33,351
132,128,17,23,351
132,128,14,33,347
132,128,14,23,347
132,128,15,23,346
132,128,15,33,346
132,124,19,23,344
132,124,15,765,344
132,124,15,23,338
132,124,16,23,338
132,124,13,23,341
132,120,17,23,341
132,120,17,23,334
132,120,18,23,334
132,120,15,23,333
132,120,18,23,333
132,116,17,23,333
132,116,18,765,333
132,116,19,23,325
132,116,17,23,325
132,116,17,23,325
132,112,19,23,325
132,112,18,33,319
132,112,17,23,319
132,112,17,33,319
132,112,14,33,319
132,108,16,23,320
132,108,17,765,320
132,108,18,23,311
132,108,17,23,311
132,108,16,23,312
132,104,15,23,312
132,104,18,23,307
132,104,15,23,307
132,104,15,23,306
132,104,16,23,306
132,100,16,22,307
132,100,17,765,307
132,100,15,22,301
132,100,16,22,301
132,100,16,22,299
132,96,17,22,299
132,96,16,22,295
132,96,16,22,295
132,96,18,22,294
132,96,16,22,294
132,92,18,21,295
132,92,17,765,295
132,92,18,21,291
132,92,16,21,291
132,92,15,22,290
132,88,14,22,290
132,88,19,22,286
132,88,18,22,286
132,88,17,22,289
132,88,18,22,289
132,84,16,22,286
132,84,17,765,286
132,84,17,22,283
132,84,15,22,283
132,84,19,22,284
132,80,17,33,284
132,80,18,33,281
132,80,19,33,281
132,80,18,33,282
132,80,16,33,282
132,76,17,33,283
132,76,17,765,283
132,76,16,33,280
132,76,17,33,280
132,76,19,33,281
132,72,13,25,281
132,72,18,25,282
132,72,14,25,282
132,72,18,25,281
132,72,17,25,281
132,68,16,33,281
132,68,18,765,281
132,68,15,33,281
132,68,16,33,281
132,68,18,33,283
132,64,17,23,283
132,64,13,23,283
132,64,18,23,283
132,64,19,23,284
132,64,18,23,284
132,60,15,33,283
132,60,17,765,283
132,60,17,33,285
132,60,14,33,285
132,60,18,33,284
132,56,16,22,284
132,56,17,22,289
132,56,16,22,289
132,56,17,22,290
132,56,15,22,290
132,52,17,28,289
132,52,16,22,289
132,52,17,28,294
132,52,16,28,294
132,52,16,28,293
132,48,14,34,293
132,48,17,34,298
132,48,14,34,298
132,48,15,34,299
132,48,16,34,299
132,44,17,23,300
132,44,15,765,300
132,44,15,23,303
132,44,16,23,303
132,44,17,23,303
132,40,17,26,303
132,40,18,26,312
132,40,15,26,312
132,40,19,26,312
132,40,17,26,312
132,36,14,24,310
132,36,16,21,310
132,36,17,24,319
132,36,15,24,319
132,36,16,24,317
132,32,18,34,317
132,32,18,34,323
132,32,16,34,323
132,32,15,34,324
132,32,13,34,324
132,28,16,23,325
132,28,18,20,325
132,28,16,23,333
132,28,15,23,333
132,28,15,23,330
132,24,13,33,330
132,24,15,33,340
132,24,16,33,340
132,24,18,33,340
132,24,19,33,340
132,20,16,25,341
132,20,17,765,341
132,20,16,25,345
132,20,16,25,345
132,20,19,25,348
132,16,16,33,348
132,16,15,33,355
132,16,15,33,355
132,16,14,33,355
132,16,17,33,355
132,12,19,21,354
132,12,13,765,354
132,12,18,21,360
132,12,18,21,360
132,12,17,21,359
132,8,17,23,359
132,8,18,23,365
132,8,20,23,365
132,8,19,23,367
132,8,18,23,367
132,4,18,22,366
132,4,15,765,366
132,4,19,22,369
132,4,19,22,369
132,4,20,22,371
132,0,19,22,371
132,0,18,22,375
132,0,17,22,375
132,0,15,22,373
132,0,18,22,373
136,0,19,22,374
136,0,21,765,374
136,0,15,22,375
136,0,20,22,375
136,0,16,22,376
136,4,17,23,376
136,4,21,23,372
136,4,19,23,372
136,4,19,23,374
136,4,17,23,374
136,8,21,22,374
136,8,15,765,374
136,8,15,22,368
136,8,19,22,368
136,8,18,22,372
136,12,18,22,372
136,12,17,22,365
136,12,17,22,365
136,12,19,22,364
136,12,17,22,364
136,16,16,22,364
136,16,17,765,364
136,16,14,22,362
136,16,19,22,362
136,16,16,22,361
136,20,17,24,361
136,20,14,24,353
136,20,17,24,353
136,20,17,24,353
136,20,20,24,353
136,24,17,23,352
136,24,17,765,352
136,24,17,23,346
136,24,15,23,346
136,24,18,23,347
136,28,16,23,347
136,28,15,23,339
136,28,16,23,339
136,28,18,23,339
136,28,15,23,339
136,32,16,32,339
136,32,18,21,339
136,32,13,32,332
136,32,18,32,332
136,32,15,32,331
136,36,15,23,331
136,36,17,23,324
136,36,18,23,324
136,36,16,23,325
136,36,15,23,325
136,40,15,33,323
136,40,15,765,323
136,40,15,33,318
136,40,17,33,318
136,40,14,33,317
136,44,14,34,317
136,44,13,34,309
136,44,16,34,309
136,44,18,34,311
136,44,15,34,311
136,48,17,34,310
136,48,12,765,310
136,48,17,34,306
136,48,16,34,306
136,48,15,34,306
136,52,18,23,306
136,52,13,23,303
136,52,16,23,303
136,52,16,23,300
136,52,16,23,300
136,56,13,34,302
136,56,15,765,302
136,56,15,34,299
136,56,15,34,299
136,56,17,34,297
136,60,16,27,297
136,60,16,27,297
136,60,17,27,297
136,60,16,25,296
136,60,17,27,296
136,64,14,34,295
136,64,15,765,295
136,64,16,34,293
136,64,18,34,293
136,64,16,34,294
136,68,17,25,294
136,68,17,25,293
136,68,16,25,293
136,68,15,25,294
136,68,13,25,294
136,72,16,23,294
136,72,15,765,294
136,72,17,23,293
136,72,15,23,293
136,72,16,23,291
136,76,19,23,291
136,76,17,23,293
136,76,17,23,293
136,76,17,23,294
136,76,15,23,294
136,80,17,23,294
136,80,16,765,294
136,80,13,23,293
136,80,16,23,293
136,80,17,23,295
136,84,17,33,295
136,84,19,33,299
136,84,15,33,299
136,84,13,33,298
136,84,18,33,298
136,88,18,33,297
136,88,16,765,297
136,88,16,33,299
136,88,16,33,299
136,88,16,33,302
136,92,19,33,302
136,92,13,33,304
136,92,18,33,304
136,92,17,33,302
136,92,16,33,302
136,96,16,33,303
136,96,16,765,303
136,96,22,33,309
136,96,19,33,309
136,96,18,33,308
136,100,14,33,308
136,100,17,33,315
136,100,18,33,315
136,100,17,33,312
136,100,19,33,312
136,104,17,33,314
136,104,15,765,314
136,104,16,33,319
136,104,15,33,319
136,104,19,33,319
136,108,16,33,319
136,108,14,33,324
136,108,17,33,324
136,108,17,33,325
136,108,15,33,325
136,112,16,33,326
136,112,15,765,326
136,112,16,33,330
136,112,18,33,330
136,112,16,33,331
136,116,17,33,331
136,116,17,33,336
136,116,18,33,336
136,116,17,33,336
136,116,15,33,336
136,120,20,33,337
136,120,16,21,337
136,120,16,33,343
136,120,14,33,343
136,120,14,33,343
136,124,18,33,343
136,124,18,33,349
136,124,15,33,349
136,124,16,33,350
136,124,16,33,350
136,128,15,33,349
136,128,17,21,349
136,128,15,33,353
136,128,13,33,353
136,128,18,33,353
136,132,15,32,353
136,132,16,32,358
136,132,18,32,358
136,132,13,32,357
136,132,14,32,357
136,136,15,32,359
136,136,17,765,359
136,136,19,32,362
136,136,15,32,362
136,136,16,32,362
136,140,18,32,362
136,140,16,32,364
136,140,16,32,364
136,140,14,32,363
136,140,13,32,363
136,144,16,32,364
136,144,16,765,364
136,144,16,32,366
136,144,16,32,366
136,144,17,32,368
136,148,14,27,368
136,148,16,27,369
136,148,18,27,369
136,148,13,27,367
136,148,14,27,367
136,152,15,25,370
136,152,14,765,370
136,152,14,25,372
136,152,16,25,372
136,152,14,25,372
136,156,12,26,372
136,156,14,23,372
136,156,15,24,372
136,156,14,26,373
136,156,15,26,373
136,160,15,32,371
136,160,14,765,371
136,160,12,32,375
136,160,14,32,375
136,160,13,32,373
140,160,13,31,373
140,160,12,31,374
140,160,14,31,374
140,160,15,31,371
140,160,14,31,371
140,156,12,32,372
140,156,15,765,372
140,156,15,32,372
140,156,15,32,372
140,156,15,32,372
140,152,14,26,372
140,152,16,26,371
140,152,15,26,371
140,152,15,26,371
140,152,14,26,371
140,148,17,32,373
140,148,14,765,373
140,148,18,32,367
140,148,15,32,367
140,148,15,32,368
140,144,14,27,368
140,144,14,27,366
140,144,16,27,366
140,144,15,27,369
140,144,16,27,369
140,140,14,32,368
140,140,12,765,368
140,140,16,32,362
140,140,14,32,362
140,140,18,32,367
140,136,16,32,367
140,136,17,32,363
140,136,14,32,363
140,136,17,32,362
140,136,17,32,362
140,132,18,32,362
140,132,16,765,362
140,132,17,32,362
140,132,18,32,358
140,132,18,765,358
140,128,16,32,359
140,128,16,21,359
140,128,15,32,355
140,128,16,32,355
140,128,16,32,358
140,124,13,33,358
140,124,18,33,352
140,124,16,33,352
140,124,16,33,352
140,124,15,33,352
140,120,16,33,352
140,120,15,22,352
140,120,16,33,347
140,120,15,33,347
140,120,15,33,347
140,116,14,33,347
140,116,15,33,342
140,116,19,33,342
140,116,13,33,342
140,116,16,33,342
140,112,14,33,344
140,112,16,765,344
140,112,18,33,338
140,112,17,33,338
140,112,18,33,339
140,108,17,33,339
140,108,17,33,331
140,108,17,33,331
140,108,17,33,334
140,108,16,33,334
140,104,17,33,333
140,104,19,765,333
140,104,16,33,326
140,104,19,33,326
140,104,19,33,326
140,100,16,33,326
140,100,15,33,322
140,100,18,33,322
140,100,17,33,322
140,100,19,33,322
140,96,18,33,321
140,96,14,765,321
140,96,17,33,316
140,96,16,33,316
140,96,18,33,316
140,92,16,33,316
140,92,19,33,313
140,92,17,33,313
140,92,17,33,312
140,92,16,33,312
140,88,14,33,312
140,88,16,765,312
140,88,17,33,307
140,88,15,33,307
140,88,16,33,308
140,84,18,26,308
140,84,17,26,306
140,84,15,25,306
140,84,17,26,304
140,84,16,26,304
140,80,15,33,304
140,80,18,765,304
140,80,17,33,304
140,80,18,33,304
140,80,17,33,303
140,76,16,23,303
140,76,17,23,302
140,76,17,23,302
140,76,17,23,304
140,76,15,23,304
140,72,15,33,302
140,72,17,765,302
140,72,17,33,300
140,72,18,33,300
140,72,18,33,302
140,68,18,24,302
140,68,17,24,301
140,68,15,24,301
140,68,16,24,302
140,68,15,24,302
140,64,18,34,301
140,64,16,765,301
140,64,15,34,303
140,64,18,34,303
140,64,17,34,303
140,60,13,34,303
140,60,15,34,305
140,60,14,34,305
140,60,16,34,305
140,60,16,34,305
140,56,16,33,306
140,56,16,765,306
140,56,16,33,309
140,56,15,33,309
140,56,18,33,309
140,52,14,33,309
140,52,14,33,312
140,52,16,33,312
140,52,18,33,312
140,52,15,33,312
140,48,13,33,312
140,48,16,765,312
140,48,16,33,317
140,48,17,33,317
140,48,17,33,316
140,44,14,34,316
140,44,15,34,323
140,44,16,34,323
140,44,18,34,322
140,44,16,34,322
140,40,16,24,323
140,40,16,765,323
140,40,16,24,327
140,40,16,24,327
140,40,14,24,328
140,36,18,27,328
140,36,16,27,333
140,36,17,27,333
140,36,17,27,332
140,36,16,27,332
140,32,15,22,334
140,32,16,21,334
140,32,14,22,340
140,32,18,22,340
140,32,17,22,339
140,28,12,24,339
140,28,17,24,347
140,28,14,24,347
140,28,16,24,346
140,28,16,24,346
140,24,15,23,347
140,24,16,765,347
140,24,17,23,352
140,24,17,23,352
140,24,17,23,353
140,20,15,23,353
140,20,14,23,358
140,20,18,23,358
140,20,16,23,360
140,20,15,23,360
140,16,17,22,359
140,16,18,765,359
140,16,18,22,362
140,16,18,22,362
140,16,16,22,365
140,12,17,22,365
140,12,16,22,370
140,12,20,22,370
140,12,14,22,370
140,12,16,22,370
140,8,17,23,371
140,8,20,765,371
140,8,18,23,374
140,8,16,23,374
140,8,19,23,373
140,4,21,24,373
140,4,19,24,375
140,4,16,24,375
140,4,18,24,376
140,4,18,24,376
140,0,20,34,376
140,0,18,765,376
140,0,17,34,376
140,0,17,34,376
140,0,20,34,378
144,0,18,33,378
144,0,17,27,378
144,0,20,27,378
144,0,18,27,381
144,0,19,27,381
144,4,18,24,379
144,4,19,765,379
144,4,17,25,376
144,4,18,24,376
144,4,16,24,378
144,8,16,33,378
144,8,18,33,374
144,8,18,33,374
144,8,18,33,376
144,8,18,33,376
144,12,15,23,375
144,12,18,765,375
144,12,16,23,373
144,12,18,23,373
144,12,19,23,371
144,16,18,26,371
144,16,17,26,369
144,16,18,26,369
144,16,16,26,369
144,16,15,26,369
144,20,17,25,368
144,20,16,765,368
144,20,16,25,364
144,20,17,25,364
144,20,16,25,366
144,24,16,34,366
144,24,18,34,358
144,24,15,34,358
144,24,17,34,360
144,24,17,34,360
144,28,15,22,360
144,28,16,20,360
144,28,16,22,354
144,28,15,22,354
144,28,17,22,355
144,32,15,34,355
144,32,12,34,348
144,32,16,34,348
144,32,17,34,347
144,32,16,34,347
144,36,15,24,347
144,36,16,22,347
144,36,15,24,340
144,36,15,24,340
144,36,16,24,340
144,40,16,23,340
144,40,17,23,335
144,40,16,23,335
144,40,14,23,336
144,40,13,23,336
144,44,16,24,335
144,44,17,765,335
144,44,15,24,328
144,44,17,24,328
144,44,17,24,329
144,48,16,24,329
144,48,13,24,324
144,48,14,24,324
144,48,17,25,324
144,48,16,25,324
144,52,17,28,325
144,52,16,765,325
144,52,13,28,322
144,52,13,28,322
144,52,18,28,321
144,56,17,33,321
144,56,17,33,318
144,56,13,33,318
144,56,18,33,321
144,56,13,33,321
144,60,15,27,320
144,60,17,765,320
144,60,17,27,316
144,60,15,27,316
144,60,15,27,317
144,64,14,23,317
144,64,15,23,315
144,64,17,23,315
144,64,18,23,316
144,64,16,23,316
144,68,14,24,316
144,68,15,765,316
144,68,17,24,314
144,68,18,24,314
144,68,16,24,315
144,72,17,24,315
144,72,15,24,314
144,72,14,24,314
144,72,18,24,316
144,72,17,24,316
144,76,16,34,315
144,76,17,765,315
144,76,16,34,314
144,76,16,34,314
144,76,17,34,318
144,80,16,34,318
144,80,17,34,317
144,80,15,34,317
144,80,17,34,317
144,80,16,34,317
144,84,17,33,319
144,84,18,21,319
144,84,16,33,320
144,84,17,33,320
144,84,17,33,321
144,88,14,34,321
144,88,14,34,322
144,88,20,34,322
144,88,15,34,323
144,88,15,34,323
144,92,13,33,323
144,92,14,765,323
144,92,18,33,326
144,92,16,33,326
144,92,16,33,326
144,96,17,33,326
144,96,15,33,331
144,96,14,33,331
144,96,17,33,329
144,96,17,33,329
144,100,18,25,331
144,100,19,765,331
144,100,15,25,334
144,100,16,25,334
144,100,17,25,333
144,104,18,33,333
144,104,18,33,338
144,104,17,33,338
144,104,16,33,338
144,104,16,33,338
144,108,17,33,340
144,108,12,765,340
144,108,17,33,340
144,108,17,20,343
144,108,16,33,343
144,112,17,33,342
144,112,15,765,342
144,112,14,33,348
144,112,16,33,348
144,112,14,33,349
144,116,14,33,349
144,116,17,33,353
144,116,14,33,353
144,116,15,33,353
144,116,14,33,353
144,120,16,33,352
144,120,15,765,352
144,120,15,33,356
144,120,16,33,356
144,120,16,33,357
144,124,16,33,357
144,124,16,33,360
144,124,16,33,360
144,124,15,33,360
144,124,16,33,360
144,128,15,33,360
144,128,12,35,360
144,128,15,33,363
144,128,14,33,363
144,128,16,33,361
144,132,13,33,361
144,132,14,33,364
144,132,15,33,364
144,132,17,33,364
144,132,16,33,364
144,136,16,33,364
144,136,16,765,364
144,136,14,33,365
144,136,15,33,365
144,136,14,33,370
144,140,15,33,370
144,140,15,33,369
144,140,16,33,369
144,140,16,33,367
144,140,19,33,367
144,144,13,33,368
144,144,16,765,368
144,144,16,33,368
144,144,14,33,368
144,144,15,33,371
144,148,16,33,371
144,148,16,33,370
144,148,14,33,370
144,148,18,33,370
144,148,13,33,370
144,152,14,33,371
144,152,16,765,371
144,152,14,33,370
144,152,16,33,370
144,152,14,33,372
144,156,12,32,372
144,156,15,32,374
144,156,16,32,374
144,156,14,32,374
144,156,16,32,374
144,160,13,32,374
144,160,15,765,374
144,160,14,32,374
144,160,13,32,374
144,160,14,32,374
148,160,14,32,374
148,160,14,32,375
148,160,13,32,375
148,160,14,32,372
148,160,14,32,372
148,156,14,32,375
148,156,16,765,375
148,156,12,32,371
148,156,15,32,371
148,156,15,32,369
148,152,14,33,369
148,152,16,33,372
148,152,16,33,372
148,152,15,33,371
148,152,15,33,371
148,148,15,33,372
148,148,16,765,372
148,148,15,33,368
148,148,16,33,368
148,148,15,33,370
148,144,12,33,370
148,144,15,33,370
148,144,18,33,370
148,144,16,33,370
148,144,14,33,370
148,140,16,33,368
148,140,15,765,368
148,140,17,33,367
148,140,16,33,367
148,140,15,33,368
148,136,18,33,368
148,136,14,33,365
148,136,17,33,365
148,136,17,33,368
148,136,18,33,368
148,132,14,33,366
148,132,16,765,366
148,132,12,33,366
148,132,16,33,366
148,132,17,33,366
148,128,17,33,366
148,128,17,33,364
148,128,16,33,364
148,128,14,33,363
148,128,16,33,363
148,124,18,33,364
148,124,13,765,364
148,124,15,33,361
148,124,17,33,361
148,124,16,33,362
148,120,18,33,362
148,120,14,33,361
148,120,19,33,361
148,120,15,33,359
148,120,17,33,359
148,116,18,33,359
148,116,15,765,359
148,116,18,33,358
148,116,16,33,358
148,116,14,33,357
148,112,16,33,357
148,112,17,33,351
148,112,16,33,351
148,112,15,33,353
148,112,15,33,353
148,108,17,33,354
148,108,15,765,354
148,108,19,33,349
148,108,18,33,349
148,108,14,33,349
148,104,16,32,349
148,104,15,32,344
148,104,17,32,344
148,104,16,32,346
148,104,16,32,346
148,100,18,33,346
148,100,18,765,346
148,100,16,33,343
148,100,17,33,343
148,100,17,33,343
148,96,16,33,343
148,96,16,33,339
148,96,20,33,339
148,96,14,33,339
148,96,18,33,339
148,92,18,32,338
148,92,18,765,338
148,92,16,32,335
148,92,18,32,335
148,92,16,32,336
148,88,16,33,336
148,88,15,33,329
148,88,18,33,329
148,88,16,33,330
148,88,18,33,330
148,84,18,33,332
148,84,14,765,332
148,84,17,33,328
148,84,17,33,328
148,84,16,33,328
148,80,16,33,328
148,80,16,33,327
148,80,16,33,327
148,80,15,33,326
148,80,19,33,326
148,76,18,33,328
148,76,13,765,328
148,76,16,33,325
148,76,17,33,325
148,76,15,33,326
148,72,16,25,326
148,72,15,25,324
148,72,17,25,324
148,72,17,25,326
148,72,16,25,326
148,68,17,32,325
148,68,17,765,325
148,68,17,32,323
148,68,16,32,323
148,68,17,32,326
148,64,17,23,326
148,64,15,23,325
148,64,17,23,325
148,64,17,23,326
148,64,13,23,326
148,60,16,33,324
148,60,15,765,324
148,60,17,33,325
148,60,15,33,325
148,60,14,33,325
148,56,15,25,327
148,56,15,765,327
148,56,15,25,329
148,56,17,25,329
148,56,16,25,329
148,52,15,25,329
148,52,15,25,331
148,52,16,25,331
148,52,13,25,333
148,52,17,25,333
148,48,14,34,332
148,48,14,765,332
148,48,14,34,337
148,48,14,34,337
148,48,16,34,337
148,44,18,23,337
148,44,13,23,340
148,44,16,23,340
148,44,14,23,342
148,44,15,23,342
148,40,14,27,342
148,40,16,765,342
148,40,16,28,345
148,40,18,28,345
148,40,16,28,345
148,36,15,25,345
148,36,17,25,351
148,36,13,25,351
148,36,14,25,352
148,36,17,25,352
148,32,16,25,351
148,32,16,20,351
148,32,16,25,356
148,32,15,25,356
148,32,11,24,356
148,28,15,24,356
148,28,17,24,360
148,28,15,24,360
148,28,17,24,360
148,28,14,24,360
148,24,14,33,360
148,24,17,765,360
148,24,14,33,365
148,24,16,33,365
148,24,18,33,366
148,20,17,33,366
148,20,18,33,368
148,20,18,33,368
148,20,15,33,370
148,20,18,33,370
148,16,19,33,370
148,16,16,765,370
148,16,18,33,371
148,16,14,33,371
148,16,15,33,372
148,12,16,22,372
148,12,16,22,376
148,12,20,22,376
148,12,20,22,374
148,12,16,22,374
148,8,16,23,375
148,8,18,765,375
148,8,20,23,378
148,8,18,23,378
148,8,14,22,378
148,4,19,23,378
148,4,19,23,379
148,4,18,23,379
148,4,17,23,381
148,4,17,23,381
148,0,18,21,378
148,0,18,765,378
148,0,20,21,379
148,0,19,21,379
148,0,21,21,379
152,0,19,22,379
152,0,18,22,382
152,0,18,22,382
152,0,17,22,381
152,0,16,22,381
152,4,17,22,382
152,4,17,765,382
152,4,16,22,381
152,4,18,22,381
152,4,14,22,381
152,8,18,22,381
152,8,20,22,378
152,8,15,22,378
152,8,18,22,379
152,8,18,22,379
152,12,16,22,379
152,12,15,765,379
152,12,16,22,377
152,12,17,22,377
152,12,20,22,378
152,16,18,22,378
152,16,13,22,373
152,16,16,22,373
152,16,17,22,377
152,16,18,22,377
152,20,17,26,377
152,20,15,765,377
152,20,18,26,374
152,20,16,26,374
152,20,16,26,374
152,24,16,23,374
152,24,17,23,369
152,24,17,23,369
152,24,18,23,368
152,24,18,23,368
152,28,17,34,369
152,28,17,765,369
152,28,15,34,363
152,28,15,34,363
152,28,15,34,367
152,32,17,34,367
152,32,17,34,362
152,32,15,34,362
152,32,14,34,360
152,32,18,34,360
152,36,20,29,361
152,36,13,765,361
152,36,16,29,355
152,36,15,29,355
152,36,18,29,356
152,40,16,24,356
152,40,14,25,351
152,40,13,24,351
152,40,18,25,352
152,40,13,24,352
152,44,15,29,352
152,44,16,765,352
152,44,16,29,348
152,44,16,29,348
152,44,17,29,347
152,48,17,34,347
152,48,17,34,346
152,48,17,34,346
152,48,16,34,346
152,48,16,34,346
152,52,17,26,346
152,52,15,21,346
152,52,17,26,342
152,52,17,26,342
152,52,18,26,344
152,56,14,24,344
152,56,14,25,340
152,56,16,25,340
152,56,16,25,340
152,56,14,25,340
152,60,15,24,341
152,60,13,765,341
152,60,15,24,339
152,60,15,24,339
152,60,16,24,338
152,64,18,26,338
152,64,16,26,339
152,64,14,26,339
152,64,13,26,338
152,64,16,26,338
152,68,13,33,339
152,68,17,765,339
152,68,16,33,338
152,68,17,33,338
152,68,15,33,337
152,72,18,30,337
152,72,16,30,339
152,72,13,30,339
152,72,14,30,341
152,72,14,30,341
152,76,12,33,339
152,76,16,765,339
152,76,17,34,338
152,76,17,34,338
152,76,16,34,340
152,80,16,33,340
152,80,13,33,340
152,80,17,33,340
152,80,15,33,341
152,80,16,33,341
152,84,17,33,341
152,84,16,765,341
152,84,14,33,342
152,84,17,33,342
152,84,17,33,342
152,88,16,26,342
152,88,15,33,343
152,88,16,33,343
152,88,14,33,342
152,88,16,33,342
152,92,18,24,343
152,92,16,765,343
152,92,18,24,346
152,92,15,24,346
152,92,17,24,346
152,96,16,33,346
152,96,13,33,348
152,96,16,33,348
152,96,13,33,349
152,96,15,33,349
152,100,17,26,351
152,100,17,765,351
152,100,13,26,353
152,100,16,26,353
152,100,16,26,354
152,104,14,33,354
152,104,17,33,355
152,104,18,33,355
152,104,17,33,357
152,104,18,33,357
152,108,18,33,355
152,108,14,21,355
152,108,16,33,357
152,108,13,33,357
152,108,17,33,358
152,112,16,33,358
152,112,15,33,364
152,112,14,33,364
152,112,16,33,360
152,112,16,33,360
152,116,17,28,360
152,116,15,765,360
152,116,14,28,363
152,116,17,28,363
152,116,16,28,362
152,120,16,32,362
152,120,16,32,365
152,120,15,32,365
152,120,15,32,365
152,120,17,32,365
152,124,18,26,365
152,124,15,765,365
152,124,15,27,366
152,124,14,27,366
152,124,15,27,367
152,128,18,27,367
152,128,17,27,367
152,128,15,27,367
152,128,14,765,367
152,128,16,27,370
152,132,14,33,370
152,132,13,33,368
152,132,13,33,368
152,132,14,33,369
152,132,16,33,369
152,136,13,32,367
152,136,14,765,367
152,136,16,32,369
152,136,16,32,369
152,136,16,32,368
152,140,14,33,368
152,140,17,33,369
152,140,17,33,369
152,140,14,33,370
152,140,14,33,370
152,144,14,32,371
152,144,13,765,371
152,144,14,32,370
152,144,13,32,370
152,144,16,32,372
152,148,16,33,372
152,148,14,33,371
152,148,14,33,371
152,148,12,33,374
152,148,14,33,374
152,152,15,33,372
152,152,15,765,372
152,152,15,33,373
152,152,13,33,373
152,152,14,33,372
152,156,12,33,372
152,156,12,33,375
152,156,14,33,375
152,156,17,33,374
152,156,16,33,374
152,160,13,32,373
152,160,11,765,373
152,160,15,32,373
152,160,16,32,373
152,160,14,32,376
156,160,15,31,376
156,160,14,31,372
156,160,14,32,372
156,160,14,32,373
156,160,15,31,373
156,156,15,32,375
156,156,14,765,375
156,156,14,32,373
156,156,16,32,373
156,156,14,32,374
156,152,14,32,374
156,152,14,32,371
156,152,13,32,371
156,152,16,32,371
156,152,13,32,371
156,148,14,33,373
156,148,16,765,373
156,148,13,33,369
156,148,12,33,369
156,148,12,33,369
156,144,15,33,369
156,144,13,33,369
156,144,15,33,369
156,144,16,33,369
156,144,17,33,369
156,140,14,33,371
156,140,14,765,371
156,140,15,33,365
156,140,16,33,365
156,140,13,33,370
156,136,14,32,370
156,136,14,32,367
156,136,12,32,367
156,136,13,32,369
156,136,18,32,369
156,132,14,33,367
156,132,15,765,367
156,132,16,33,368
156,132,16,33,368
156,132,13,33,368
156,128,14,33,368
156,128,15,33,367
156,128,15,33,367
156,128,14,33,368
156,128,13,33,368
156,124,16,26,367
156,124,15,765,367
156,124,12,26,366
156,124,14,26,366
156,124,17,26,367
156,120,15,33,367
156,120,14,33,365
156,120,15,33,365
156,120,18,33,367
156,120,18,33,367
156,116,15,26,367
156,116,15,765,367
156,116,16,26,367
156,116,15,26,367
156,116,18,26,367
156,112,15,33,367
156,112,14,33,363
156,112,18,33,363
156,112,16,33,363
156,112,13,33,363
156,108,16,33,362
156,108,15,765,362
156,108,19,33,361
156,108,16,33,361
156,108,18,33,363
156,104,17,33,363
156,104,15,33,360
156,104,17,33,360
156,104,15,33,361
156,104,14,33,361
156,100,13,26,361
156,100,16,765,361
156,100,15,26,358
156,100,14,26,358
156,100,18,26,358
156,96,15,33,358
156,96,15,33,357
156,96,15,33,357
156,96,17,33,355
156,96,15,33,355
156,92,15,23,357
156,92,15,765,357
156,92,14,23,357
156,92,16,23,353
156,92,17,765,353
156,88,12,33,355
156,88,13,765,355
156,88,17,33,351
156,88,13,33,351
156,88,16,33,350
156,84,15,24,350
156,84,17,24,349
156,84,16,25,349
156,84,16,25,350
156,84,13,25,350
156,80,14,33,350
156,80,17,765,350
156,80,18,33,348
156,80,15,33,348
156,80,16,33,346
156,76,16,33,346
156,76,14,33,347
156,76,15,33,347
156,76,15,33,348
156,76,15,33,348
156,72,17,27,348
156,72,15,765,348
156,72,16,28,346
156,72,16,28,346
156,72,18,28,347
156,68,16,33,347
156,68,16,33,349
156,68,16,33,349
156,68,14,33,346
156,68,16,33,346
156,64,15,24,346
156,64,18,765,346
156,64,16,24,347
156,64,16,24,347
156,64,17,24,349
156,60,14,34,349
156,60,16,34,351
156,60,17,34,351
156,60,19,34,348
156,60,13,34,348
156,56,17,23,349
156,56,18,765,349
156,56,13,23,350
156,56,16,23,350
156,56,17,23,349
156,52,17,34,349
156,52,16,34,350
156,52,16,34,350
156,52,15,34,351
156,52,13,34,351
156,48,16,34,355
156,48,15,765,355
156,48,16,34,355
156,48,15,34,355
156,48,13,34,356
156,44,18,33,356
156,44,15,33,357
156,44,15,33,357
156,44,13,33,359
156,44,17,33,359
156,40,15,27,359
156,40,15,765,359
156,40,16,27,362
156,40,14,27,362
156,40,16,27,361
156,36,17,33,361
156,36,15,33,363
156,36,15,33,363
156,36,17,33,366
156,36,16,33,366
156,32,14,25,366
156,32,14,22,366
156,32,19,25,368
156,32,13,25,368
156,32,15,25,369
156,28,15,23,369
156,28,16,23,372
156,28,15,23,372
156,28,15,23,372
156,28,17,23,372
156,24,16,23,373
156,24,17,765,373
156,24,16,23,371
156,24,17,23,371
156,24,15,23,373
156,20,17,23,373
156,20,18,23,374
156,20,15,23,374
156,20,15,23,378
156,20,16,23,378
156,16,17,22,376
156,16,16,765,376
156,16,18,22,379
156,16,13,22,379
156,16,15,22,380
156,12,17,21,380
156,12,17,21,379
156,12,17,21,379
156,12,15,21,381
156,12,18,21,381
156,8,18,23,381
156,8,14,765,381
156,8,19,23,381
156,8,17,23,381
156,8,16,23,379
156,4,17,22,379
156,4,19,22,382
156,4,15,22,382
156,4,18,22,384
156,4,18,22,384
156,0,20,22,382
156,0,20,765,382
156,0,17,22,382
156,0,20,22,382
156,0,18,22,379
160,0,18,23,379
160,0,18,23,386
160,0,16,23,386
160,0,17,23,384
160,0,19,23,384
160,4,19,25,383
160,4,18,765,383
160,4,18,25,383
160,4,19,25,383
160,4,16,25,384
160,8,19,23,384
160,8,17,23,385
160,8,17,23,385
160,8,17,23,385
160,8,17,23,381
160,12,14,23,381
160,12,19,23,381
160,12,14,23,381
160,12,15,23,381
160,12,17,23,381
160,16,16,22,383
160,16,17,765,383
160,16,18,22,382
160,16,17,22,382
160,16,16,22,381
160,20,17,24,381
160,20,16,24,378
160,20,16,24,378
160,20,15,24,379
160,20,17,24,379
160,24,12,23,379
160,24,18,765,379
160,24,15,23,377
160,24,12,23,377
160,24,15,23,378
160,28,14,22,378
160,28,14,22,374
160,28,16,22,374
160,28,15,22,376
160,28,15,22,376
160,32,14,24,375
160,32,16,21,375
160,32,13,24,372
160,32,14,24,372
160,32,15,24,373
160,36,15,24,373
160,36,16,24,368
160,36,14,24,368
160,36,13,24,370
160,36,16,24,370
160,40,13,26,371
160,40,14,765,371
160,40,16,26,366
160,40,15,26,366
160,40,15,26,367
160,44,13,34,367
160,44,15,34,365
160,44,13,34,365
160,44,14,34,364
160,44,12,34,364
160,48,16,28,363
160,48,15,765,363
160,48,13,28,362
160,48,11,28,362
160,48,17,28,365
160,52,14,33,365
160,52,14,33,361
160,52,16,33,361
160,52,15,33,361
160,52,17,33,361
160,56,14,28,362
160,56,17,765,362
160,56,17,28,360
160,56,15,28,360
160,56,15,28,361
160,60,13,34,361
160,60,14,34,359
160,60,17,34,359
160,60,13,34,359
160,60,14,34,359
160,64,16,33,359
160,64,14,34,359
160,64,17,33,357
160,64,19,33,357
160,64,15,33,360
160,68,16,34,360
160,68,17,34,357
160,68,11,34,357
160,68,17,34,357
160,68,15,34,357
160,72,16,34,357
160,72,13,765,357
160,72,17,34,358
160,72,16,34,358
160,72,15,34,356
160,76,16,33,356
160,76,12,33,357
160,76,13,33,357
160,76,15,33,357
160,76,13,33,357
160,80,15,33,358
160,80,15,765,358
160,80,17,33,359
160,80,16,33,359
160,80,14,33,360
160,84,14,33,360
160,84,15,33,360
160,84,15,33,360
160,84,14,33,360
160,84,16,33,360
160,88,16,27,361
160,88,16,765,361
160,88,17,27,360
160,88,15,27,360
160,88,13,27,361
160,92,17,33,361
160,92,15,33,365
160,92,15,33,365
160,92,17,33,363
160,92,16,33,363
160,96,18,28,364
160,96,17,23,364
160,96,14,28,363
160,96,13,28,363
160,96,17,28,364
160,100,14,33,364
160,100,15,33,365
160,100,13,33,365
160,100,15,33,365
160,100,13,33,365
160,104,16,33,367
160,104,17,765,367
160,104,14,33,366
160,104,16,33,366
160,104,12,33,368
160,108,12,34,368
160,108,16,33,367
160,108,14,33,367
160,108,16,34,369
160,108,17,33,369
160,112,16,33,367
160,112,16,765,367
160,112,16,33,370
160,112,15,33,370
160,112,14,33,370
160,116,17,33,368
160,116,17,765,368
160,116,17,33,369
160,116,15,33,369
160,116,14,33,368
160,120,13,33,368
160,120,13,33,368
160,120,16,33,368
160,120,15,33,373
160,120,16,33,373
160,124,14,33,369
160,124,15,765,369
160,124,16,33,372
160,124,11,33,372
160,124,14,33,370
160,128,16,33,370
160,128,15,33,372
160,128,14,33,372
160,128,16,33,371
160,128,16,33,371
160,132,17,33,371
160,132,15,765,371
160,132,13,33,369
160,132,13,33,369
160,132,13,33,373
160,136,12,33,373
160,136,16,33,371
160,136,13,33,371
160,136,16,33,370
160,136,15,33,370
160,140,16,33,372
160,140,16,765,372
160,140,15,33,371
160,140,17,33,371
160,140,15,33,371
160,144,16,33,371
160,144,14,33,371
160,144,14,33,371
160,144,14,33,373
160,144,14,33,373
160,148,16,32,373
160,148,12,765,373
160,148,15,32,370
160,148,15,32,370
160,148,14,32,369
160,152,15,27,369
160,152,16,27,374
160,152,14,27,374
160,152,15,27,374
160,152,14,27,374
160,156,13,32,374
160,156,15,765,374
160,156,11,32,376
160,156,12,32,376
160,156,14,32,375
160,160,14,32,375
160,160,12,32,374
160,160,13,32,374
160,160,14,32,375
160,160,16,32,375
